1330.000	246.667
1330.100	263.333
1330.200	323.333
1330.300	230.000
1330.400	280.000
1330.500	210.000
1330.600	330.000
1330.700	343.333
1330.800	346.667
1330.900	373.333
1331.000	313.333
1331.100	396.667
1331.200	523.333
1331.300	506.667
1331.400	653.333
1331.500	1603.333
1331.600	1616.667
1331.700	1156.667
1331.800	546.667
1331.900	383.333
1332.000	380.000
1332.100	343.333
1332.200	310.000
1332.300	383.333
1332.400	463.333
1332.500	373.333
1332.600	380.000
1332.700	360.000
1332.800	320.000
1332.900	303.333
