1317.000	626.667
1317.100	740.000
1317.200	716.667
1317.300	853.333
1317.400	863.333
1317.500	683.333
1317.600	753.333
1317.700	726.667
1317.800	733.333
1317.900	970.000
1318.000	856.667
1318.100	743.333
1318.200	756.667
1318.300	673.333
1318.400	1060.000
1318.500	1210.000
1318.600	1223.333
1318.700	1173.333
1318.800	1000.000
1318.900	1226.667
1319.000	1046.667
1319.100	1213.333
1319.200	1330.000
1319.300	1900.000
1319.400	2596.667
1319.500	2433.333
1319.600	1916.667
1319.700	1786.667
1319.800	1663.333
1319.900	1563.333
1320.000	1336.667
1320.100	1116.667
1320.200	1016.667
1320.300	1103.333
1320.400	1683.333
1320.500	1856.667
1320.600	1223.333
1320.700	913.333
1320.800	946.667
1320.900	1053.333
1321.000	813.333
1321.100	866.667
1321.200	820.000
1321.300	1110.000
1321.400	1326.667
1321.500	1473.333
1321.600	1240.000
1321.700	1106.667
1321.800	1026.667
1321.900	920.000
1322.000	820.000
1322.100	963.333
1322.200	926.667
1322.300	806.667
1322.400	863.333
1322.500	826.667
1322.600	870.000
1322.700	710.000
1322.800	826.667
1322.900	793.333
1323.000	836.667
1323.100	723.333
1323.200	830.000
1323.300	810.000
1323.400	776.667
1323.500	706.667
1323.600	800.000
1323.700	603.333
1323.800	670.000
1323.900	696.667
