1310.000	263.333
1310.100	293.333
1310.200	330.000
1310.300	260.000
1310.400	226.667
1310.500	260.000
1310.600	216.667
1310.700	333.333
1310.800	316.667
1310.900	286.667
1311.000	236.667
1311.100	213.333
1311.200	240.000
1311.300	226.667
1311.400	233.333
1311.500	220.000
1311.600	206.667
1311.700	190.000
1311.800	170.000
1311.900	186.667
1312.000	173.333
1312.100	176.667
1312.200	206.667
1312.300	160.000
1312.400	213.333
1312.500	243.333
1312.600	313.333
1312.700	243.333
1312.800	236.667
1312.900	256.667
1313.000	206.667
1313.100	273.333
1313.200	263.333
1313.300	213.333
1313.400	316.667
1313.500	313.333
1313.600	306.667
1313.700	396.667
1313.800	750.000
1313.900	786.667
1314.000	430.000
1314.100	320.000
1314.200	536.667
1314.300	820.000
1314.400	680.000
1314.500	523.333
1314.600	286.667
1314.700	250.000
1314.800	283.333
1314.900	306.667
1315.000	310.000
1315.100	430.000
1315.200	426.667
1315.300	540.000
1315.400	473.333
1315.500	616.667
1315.600	736.667
1315.700	483.333
1315.800	300.000
1315.900	436.667
1316.000	616.667
1316.100	633.333
1316.200	320.000
1316.300	280.000
1316.400	273.333
1316.500	266.667
1316.600	283.333
1316.700	320.000
1316.800	236.667
1316.900	286.667
1317.000	333.333
1317.100	360.000
1317.200	226.667
1317.300	280.000
1317.400	260.000
1317.500	250.000
1317.600	256.667
1317.700	283.333
1317.800	263.333
1317.900	263.333
1318.000	343.333
1318.100	266.667
1318.200	286.667
1318.300	393.333
1318.400	353.333
1318.500	393.333
1318.600	300.000
1318.700	286.667
1318.800	333.333
1318.900	360.000
1319.000	366.667
1319.100	470.000
1319.200	796.667
1319.300	1286.667
1319.400	1263.333
1319.500	906.667
1319.600	766.667
1319.700	613.333
1319.800	563.333
1319.900	400.000
1320.000	376.667
1320.100	320.000
1320.200	340.000
1320.300	330.000
1320.400	280.000
1320.500	343.333
1320.600	300.000
1320.700	1483.333
1320.800	260.000
1320.900	343.333
1321.000	310.000
1321.100	320.000
1321.200	263.333
1321.300	276.667
1321.400	253.333
1321.500	240.000
1321.600	283.333
1321.700	243.333
1321.800	296.667
1321.900	283.333
1322.000	243.333
1322.100	370.000
1322.200	360.000
1322.300	306.667
1322.400	256.667
1322.500	246.667
1322.600	246.667
1322.700	233.333
1322.800	276.667
1322.900	256.667
1323.000	313.333
1323.100	233.333
1323.200	270.000
1323.300	200.000
1323.400	240.000
1323.500	233.333
1323.600	233.333
1323.700	243.333
1323.800	236.667
1323.900	233.333
1324.000	273.333
1324.100	283.333
1324.200	243.333
1324.300	280.000
1324.400	253.333
1324.500	313.333
1324.600	293.333
1324.700	170.000
1324.800	230.000
1324.900	233.333
1325.000	220.000
1325.100	193.333
1325.200	173.333
1325.300	200.000
1325.400	200.000
1325.500	240.000
1325.600	223.333
1325.700	220.000
1325.800	330.000
1325.900	276.667
1326.000	443.333
1326.100	433.333
1326.200	433.333
1326.300	536.667
1326.400	380.000
1326.500	416.667
1326.600	336.667
1326.700	370.000
1326.800	450.000
1326.900	356.667
1327.000	446.667
1327.100	363.333
1327.200	280.000
1327.300	266.667
1327.400	233.333
1327.500	280.000
1327.600	230.000
1327.700	203.333
1327.800	216.667
1327.900	226.667
1328.000	200.000
1328.100	196.667
1328.200	160.000
1328.300	196.667
1328.400	170.000
1328.500	226.667
1328.600	140.000
1328.700	163.333
1328.800	160.000
1328.900	156.667
1329.000	200.000
1329.100	156.667
1329.200	186.667
1329.300	206.667
1329.400	193.333
1329.500	143.333
1329.600	196.667
1329.700	176.667
1329.800	236.667
1329.900	180.000
