1320.000	746.667
1320.100	713.333
1320.200	616.667
1320.300	663.333
1320.400	713.333
1320.500	796.667
1320.600	1036.667
1320.700	1233.333
1320.800	1220.000
1320.900	1433.333
1321.000	1700.000
1321.100	1613.333
1321.200	1240.000
1321.300	1066.667
1321.400	993.333
1321.500	1006.667
1321.600	886.667
1321.700	1033.333
1321.800	930.000
1321.900	1196.667
1322.000	1483.333
1322.100	1760.000
1322.200	1266.667
1322.300	2070.000
1322.400	2086.667
1322.500	1176.667
1322.600	1046.667
1322.700	1136.667
1322.800	1253.333
1322.900	1433.333
1323.000	1463.333
1323.100	1753.333
1323.200	1313.333
1323.300	1493.333
1323.400	1780.000
1323.500	2953.333
1323.600	4770.000
1323.700	2613.333
1323.800	1833.333
1323.900	1503.333
1324.000	1393.333
1324.100	1550.000
1324.200	1380.000
1324.300	1000.000
1324.400	1210.000
1324.500	1303.333
1324.600	1133.333
1324.700	876.667
1324.800	783.333
1324.900	870.000
1325.000	813.333
1325.100	670.000
1325.200	686.667
1325.300	603.333
1325.400	846.667
1325.500	1063.333
1325.600	843.333
1325.700	693.333
1325.800	656.667
1325.900	636.667
