1320.000	396.667
1320.100	336.667
1320.200	340.000
1320.300	773.333
1320.400	1183.333
1320.500	530.000
1320.600	313.333
1320.700	186.667
1320.800	196.667
1320.900	196.667
1321.000	210.000
1321.100	200.000
1321.200	210.000
1321.300	190.000
1321.400	163.333
1321.500	250.000
1321.600	233.333
1321.700	220.000
1321.800	190.000
1321.900	173.333
1322.000	186.667
1322.100	220.000
1322.200	243.333
1322.300	280.000
1322.400	243.333
1322.500	310.000
1322.600	310.000
1322.700	336.667
1322.800	350.000
1322.900	273.333
1323.000	423.333
1323.100	406.667
1323.200	333.333
1323.300	333.333
1323.400	540.000
1323.500	1246.667
1323.600	1420.000
1323.700	823.333
1323.800	700.000
1323.900	833.333
1324.000	760.000
1324.100	563.333
1324.200	456.667
1324.300	490.000
1324.400	403.333
1324.500	393.333
1324.600	573.333
1324.700	590.000
1324.800	396.667
1324.900	266.667
1325.000	250.000
1325.100	276.667
1325.200	253.333
1325.300	250.000
1325.400	253.333
1325.500	250.000
1325.600	283.333
1325.700	253.333
1325.800	280.000
1325.900	253.333
1326.000	296.667
1326.100	293.333
1326.200	273.333
1326.300	370.000
1326.400	343.333
1326.500	276.667
1326.600	280.000
1326.700	303.333
1326.800	263.333
1326.900	253.333
1327.000	230.000
1327.100	186.667
1327.200	210.000
1327.300	200.000
1327.400	223.333
1327.500	220.000
1327.600	240.000
1327.700	150.000
1327.800	180.000
1327.900	173.333
