1318.000	1693.333
1318.100	2120.000
1318.200	1960.000
1318.300	956.667
1318.400	680.000
1318.500	1266.667
1318.600	2213.333
1318.700	1956.667
1318.800	1150.000
1318.900	630.000
1319.000	536.667
1319.100	470.000
1319.200	686.667
1319.300	806.667
1319.400	993.333
1319.500	1170.000
1319.600	1273.333
1319.700	1663.333
1319.800	1830.000
1319.900	1116.667
1320.000	753.333
1320.100	910.000
1320.200	1270.000
1320.300	2026.667
1320.400	1753.333
1320.500	760.000
1320.600	723.333
1320.700	530.000
1320.800	380.000
1320.900	410.000
1321.000	373.333
1321.100	376.667
1321.200	380.000
1321.300	366.667
1321.400	403.333
1321.500	493.333
1321.600	510.000
1321.700	420.000
1321.800	430.000
1321.900	540.000
1322.000	723.333
1322.100	820.000
1322.200	773.333
1322.300	826.667
1322.400	843.333
1322.500	1033.333
1322.600	1063.333
1322.700	1126.667
1322.800	1503.333
1322.900	1330.000
1323.000	1370.000
1323.100	1443.333
1323.200	1163.333
1323.300	1873.333
1323.400	3553.333
1323.500	5370.000
1323.600	4976.667
1323.700	2923.333
1323.800	2813.333
1323.900	2630.000
1324.000	2656.667
1324.100	2360.000
1324.200	1720.000
1324.300	1796.667
1324.400	973.333
1324.500	1250.000
1324.600	1670.000
1324.700	1763.333
1324.800	1126.667
1324.900	883.333
1325.000	643.333
1325.100	956.667
1325.200	776.667
1325.300	733.333
1325.400	723.333
1325.500	1033.333
1325.600	1300.000
1325.700	1190.000
1325.800	1053.333
1325.900	830.000
1326.000	810.000
1326.100	896.667
1326.200	830.000
1326.300	996.667
1326.400	940.000
1326.500	896.667
1326.600	786.667
1326.700	706.667
1326.800	813.333
1326.900	693.333
1327.000	686.667
1327.100	610.000
1327.200	700.000
1327.300	690.000
1327.400	480.000
1327.500	483.333
1327.600	450.000
1327.700	390.000
1327.800	443.333
1327.900	450.000
1328.000	530.000
1328.100	503.333
1328.200	486.667
1328.300	583.333
1328.400	716.667
1328.500	1076.667
1328.600	1446.667
1328.700	1433.333
1328.800	1536.667
1328.900	1470.000
1329.000	1350.000
1329.100	1353.333
1329.200	1283.333
1329.300	1233.333
1329.400	996.667
1329.500	926.667
1329.600	890.000
1329.700	993.333
1329.800	970.000
1329.900	1116.667
1330.000	1546.667
1330.100	1720.000
1330.200	1653.333
1330.300	2043.333
1330.400	1470.000
1330.500	1266.667
1330.600	1150.000
1330.700	980.000
1330.800	1170.000
1330.900	1286.667
1331.000	1426.667
1331.100	1200.000
1331.200	1150.000
1331.300	723.333
1331.400	610.000
1331.500	563.333
1331.600	516.667
1331.700	356.667
1331.800	403.333
1331.900	370.000
1332.000	436.667
1332.100	376.667
1332.200	343.333
1332.300	396.667
1332.400	440.000
1332.500	473.333
1332.600	463.333
1332.700	560.000
1332.800	683.333
1332.900	620.000
1333.000	610.000
1333.100	603.333
1333.200	563.333
1333.300	590.000
1333.400	596.667
1333.500	556.667
1333.600	716.667
1333.700	733.333
1333.800	720.000
1333.900	586.667
1334.000	500.000
1334.100	593.333
1334.200	1006.667
