1316.000	1626.667
1316.100	1723.333
1316.200	1056.667
1316.300	650.000
1316.400	580.000
1316.500	426.667
1316.600	450.000
1316.700	406.667
1316.800	456.667
1316.900	513.333
1317.000	570.000
1317.100	480.000
1317.200	530.000
1317.300	530.000
1317.400	616.667
1317.500	520.000
1317.600	593.333
1317.700	680.000
1317.800	743.333
1317.900	893.333
1318.000	840.000
1318.100	683.333
1318.200	656.667
1318.300	1066.667
1318.400	1130.000
1318.500	1020.000
1318.600	976.667
1318.700	926.667
1318.800	1020.000
1318.900	1043.333
1319.000	1086.667
1319.100	1270.000
1319.200	1833.333
1319.300	2633.333
1319.400	2670.000
1319.500	1770.000
1319.600	1813.333
1319.700	1973.333
1319.800	1683.333
1319.900	1393.333
1320.000	1343.333
1320.100	1400.000
1320.200	1360.000
1320.300	1506.667
1320.400	1630.000
1320.500	1180.000
1320.600	1093.333
1320.700	1020.000
1320.800	1116.667
1320.900	1040.000
1321.000	820.000
1321.100	726.667
1321.200	836.667
1321.300	976.667
1321.400	903.333
1321.500	850.000
1321.600	710.000
1321.700	590.000
1321.800	690.000
1321.900	673.333
1322.000	776.667
1322.100	820.000
1322.200	806.667
1322.300	620.000
1322.400	673.333
1322.500	546.667
1322.600	623.333
1322.700	643.333
1322.800	616.667
1322.900	570.000
1323.000	590.000
1323.100	716.667
1323.200	713.333
1323.300	580.000
1323.400	513.333
1323.500	463.333
1323.600	543.333
1323.700	530.000
1323.800	496.667
1323.900	570.000
