1315.000	203.333
1315.100	346.667
1315.200	396.667
1315.300	373.333
1315.400	480.000
1315.500	710.000
1315.600	550.000
1315.700	500.000
1315.800	453.333
1315.900	596.667
1316.000	666.667
1316.100	506.667
1316.200	260.000
1316.300	180.000
1316.400	140.000
1316.500	140.000
1316.600	156.667
1316.700	156.667
1316.800	176.667
1316.900	223.333
1317.000	230.000
1317.100	260.000
1317.200	140.000
1317.300	176.667
1317.400	203.333
1317.500	196.667
1317.600	170.000
1317.700	153.333
1317.800	196.667
1317.900	163.333
1318.000	176.667
1318.100	150.000
1318.200	163.333
1318.300	203.333
1318.400	220.000
1318.500	203.333
1318.600	193.333
1318.700	330.000
1318.800	286.667
1318.900	286.667
1319.000	2790.000
1319.100	393.333
1319.200	590.000
1319.300	916.667
1319.400	783.333
1319.500	946.667
1319.600	840.000
1319.700	753.333
1319.800	486.667
1319.900	476.667
1320.000	370.000
1320.100	240.000
1320.200	213.333
1320.300	170.000
1320.400	196.667
1320.500	223.333
1320.600	360.000
1320.700	293.333
1320.800	220.000
1320.900	166.667
1321.000	230.000
1321.100	120.000
1321.200	206.667
1321.300	190.000
1321.400	133.333
1321.500	130.000
1321.600	123.333
1321.700	116.667
1321.800	100.000
1321.900	150.000
1322.000	170.000
1322.100	253.333
1322.200	236.667
1322.300	196.667
1322.400	156.667
1322.500	123.333
1322.600	163.333
1322.700	126.667
1322.800	240.000
1322.900	216.667
