1313.000	383.333
1313.100	380.000
1313.200	450.000
1313.300	420.000
1313.400	573.333
1313.500	650.000
1313.600	540.000
1313.700	1330.000
1313.800	1600.000
1313.900	1063.333
1314.000	630.000
1314.100	1196.667
1314.200	1756.667
1314.300	1380.000
1314.400	680.000
1314.500	526.667
1314.600	393.333
1314.700	363.333
1314.800	406.667
1314.900	476.667
1315.000	793.333
1315.100	1066.667
1315.200	1166.667
1315.300	746.667
1315.400	1040.000
1315.500	1213.333
1315.600	886.667
1315.700	513.333
1315.800	563.333
1315.900	1263.333
1316.000	1273.333
1316.100	683.333
1316.200	410.000
1316.300	330.000
1316.400	260.000
1316.500	223.333
1316.600	213.333
1316.700	276.667
1316.800	263.333
1316.900	276.667
1317.000	403.333
1317.100	353.333
1317.200	376.667
1317.300	406.667
1317.400	356.667
1317.500	380.000
1317.600	313.333
1317.700	406.667
1317.800	473.333
1317.900	406.667
1318.000	450.000
1318.100	293.333
1318.200	443.333
1318.300	590.000
1318.400	536.667
1318.500	653.333
1318.600	470.000
1318.700	463.333
1318.800	753.333
1318.900	616.667
1319.000	516.667
1319.100	930.000
1319.200	1916.667
1319.300	2580.000
1319.400	1763.333
1319.500	943.333
1319.600	1186.667
1319.700	1333.333
1319.800	1110.000
1319.900	1096.667
1320.000	1160.000
1320.100	930.000
1320.200	870.000
1320.300	1146.667
1320.400	1163.333
1320.500	973.333
1320.600	900.000
1320.700	990.000
1320.800	860.000
1320.900	606.667
1321.000	510.000
1321.100	380.000
1321.200	326.667
1321.300	510.000
1321.400	426.667
1321.500	326.667
1321.600	403.333
1321.700	363.333
1321.800	296.667
1321.900	363.333
1322.000	546.667
1322.100	613.333
1322.200	570.000
1322.300	526.667
1322.400	486.667
1322.500	370.000
1322.600	376.667
1322.700	420.000
1322.800	376.667
1322.900	316.667
1323.000	336.667
1323.100	356.667
1323.200	330.000
1323.300	246.667
1323.400	280.000
1323.500	306.667
1323.600	206.667
1323.700	270.000
1323.800	323.333
1323.900	343.333
1324.000	270.000
1324.100	306.667
1324.200	306.667
1324.300	330.000
1324.400	496.667
1324.500	500.000
1324.600	383.333
1324.700	376.667
1324.800	343.333
1324.900	493.333
1325.000	516.667
1325.100	530.000
1325.200	430.000
1325.300	436.667
1325.400	473.333
1325.500	373.333
1325.600	386.667
1325.700	383.333
1325.800	330.000
1325.900	333.333
1326.000	443.333
1326.100	453.333
1326.200	350.000
1326.300	366.667
1326.400	330.000
1326.500	246.667
1326.600	333.333
1326.700	373.333
1326.800	506.667
1326.900	593.333
1327.000	320.000
1327.100	276.667
1327.200	243.333
1327.300	253.333
1327.400	246.667
1327.500	180.000
1327.600	240.000
1327.700	226.667
1327.800	230.000
1327.900	266.667
