1321.000	700.000
1321.100	596.667
1321.200	536.667
1321.300	580.000
1321.400	510.000
1321.500	493.333
1321.600	470.000
1321.700	543.333
1321.800	490.000
1321.900	576.667
1322.000	1063.333
1322.100	1626.667
1322.200	850.000
1322.300	1783.333
1322.400	1706.667
1322.500	983.333
1322.600	700.000
1322.700	766.667
1322.800	856.667
1322.900	950.000
1323.000	1133.333
1323.100	1413.333
1323.200	1080.000
1323.300	970.000
1323.400	1223.333
1323.500	1950.000
1323.600	4096.667
1323.700	2360.000
1323.800	1406.667
1323.900	830.000
1324.000	923.333
1324.100	1236.667
1324.200	1253.333
1324.300	853.333
1324.400	830.000
1324.500	1023.333
1324.600	933.333
1324.700	596.667
1324.800	493.333
1324.900	503.333
1325.000	376.667
1325.100	363.333
1325.200	416.667
1325.300	326.667
1325.400	476.667
1325.500	646.667
1325.600	610.000
1325.700	396.667
1325.800	376.667
1325.900	400.000
1326.000	490.000
1326.100	530.000
1326.200	853.333
1326.300	486.667
1326.400	463.333
1326.500	390.000
1326.600	496.667
1326.700	553.333
1326.800	556.667
1326.900	710.000
