1317.000	100.000
1317.100	96.667
1317.200	86.667
1317.300	56.667
1317.400	133.333
1317.500	150.000
1317.600	136.667
1317.700	153.333
1317.800	123.333
1317.900	106.667
1318.000	160.000
1318.100	236.667
1318.200	310.000
1318.300	246.667
1318.400	116.667
1318.500	223.333
1318.600	363.333
1318.700	410.000
1318.800	263.333
1318.900	110.000
1319.000	80.000
1319.100	140.000
1319.200	250.000
1319.300	283.333
1319.400	213.333
1319.500	116.667
1319.600	146.667
1319.700	183.333
1319.800	160.000
1319.900	180.000
1320.000	166.667
1320.100	173.333
1320.200	280.000
1320.300	350.000
1320.400	343.333
1320.500	153.333
1320.600	106.667
1320.700	56.667
1320.800	80.000
1320.900	70.000
1321.000	96.667
1321.100	113.333
1321.200	106.667
1321.300	66.667
1321.400	116.667
1321.500	70.000
1321.600	83.333
1321.700	73.333
1321.800	100.000
1321.900	96.667
1322.000	116.667
1322.100	130.000
1322.200	133.333
1322.300	103.333
1322.400	153.333
1322.500	113.333
1322.600	133.333
1322.700	180.000
1322.800	233.333
1322.900	153.333
1323.000	213.333
1323.100	200.000
1323.200	250.000
1323.300	343.333
1323.400	583.333
1323.500	840.000
1323.600	940.000
1323.700	550.000
1323.800	360.000
1323.900	463.333
1324.000	433.333
1324.100	503.333
1324.200	380.000
1324.300	306.667
1324.400	273.333
1324.500	306.667
1324.600	450.000
1324.700	450.000
1324.800	363.333
1324.900	286.667
1325.000	193.333
1325.100	176.667
1325.200	183.333
1325.300	140.000
1325.400	130.000
1325.500	186.667
1325.600	236.667
1325.700	230.000
1325.800	173.333
1325.900	216.667
1326.000	176.667
1326.100	210.000
1326.200	183.333
1326.300	166.667
1326.400	203.333
1326.500	193.333
1326.600	216.667
1326.700	136.667
1326.800	210.000
1326.900	203.333
1327.000	183.333
1327.100	200.000
1327.200	240.000
1327.300	146.667
1327.400	120.000
1327.500	176.667
1327.600	130.000
1327.700	210.000
1327.800	143.333
1327.900	153.333
1328.000	186.667
1328.100	140.000
1328.200	150.000
1328.300	206.667
1328.400	163.333
1328.500	246.667
1328.600	366.667
1328.700	386.667
1328.800	296.667
1328.900	313.333
1329.000	273.333
1329.100	226.667
1329.200	223.333
1329.300	260.000
1329.400	210.000
1329.500	230.000
1329.600	170.000
1329.700	190.000
1329.800	186.667
1329.900	200.000
1330.000	236.667
1330.100	230.000
1330.200	256.667
1330.300	280.000
1330.400	333.333
1330.500	293.333
1330.600	253.333
1330.700	200.000
1330.800	176.667
1330.900	230.000
1331.000	170.000
1331.100	173.333
1331.200	220.000
1331.300	126.667
1331.400	126.667
1331.500	136.667
1331.600	123.333
1331.700	106.667
1331.800	66.667
1331.900	100.000
