1316.000	513.333
1316.100	566.667
1316.200	533.333
1316.300	433.333
1316.400	366.667
1316.500	393.333
1316.600	450.000
1316.700	473.333
1316.800	413.333
1316.900	366.667
1317.000	466.667
1317.100	456.667
1317.200	440.000
1317.300	436.667
1317.400	466.667
1317.500	390.000
1317.600	533.333
1317.700	416.667
1317.800	460.000
1317.900	520.000
1318.000	450.000
1318.100	440.000
1318.200	590.000
1318.300	490.000
1318.400	450.000
1318.500	476.667
1318.600	516.667
1318.700	520.000
1318.800	636.667
1318.900	530.000
1319.000	523.333
1319.100	496.667
1319.200	586.667
1319.300	940.000
1319.400	1086.667
1319.500	850.000
1319.600	710.000
1319.700	640.000
1319.800	603.333
1319.900	616.667
1320.000	663.333
1320.100	703.333
1320.200	560.000
1320.300	503.333
1320.400	566.667
1320.500	570.000
1320.600	560.000
1320.700	603.333
1320.800	546.667
1320.900	500.000
1321.000	556.667
1321.100	533.333
1321.200	543.333
1321.300	580.000
1321.400	603.333
1321.500	533.333
1321.600	540.000
1321.700	576.667
1321.800	473.333
1321.900	400.000
1322.000	420.000
1322.100	486.667
1322.200	426.667
1322.300	516.667
1322.400	436.667
1322.500	436.667
1322.600	383.333
1322.700	393.333
1322.800	296.667
1322.900	413.333
1323.000	480.000
1323.100	410.000
1323.200	380.000
1323.300	403.333
1323.400	406.667
1323.500	416.667
1323.600	383.333
1323.700	403.333
1323.800	313.333
1323.900	393.333
