1321.000	110.000
1321.100	86.667
1321.200	123.333
1321.300	170.000
1321.400	133.333
1321.500	96.667
1321.600	126.667
1321.700	173.333
1321.800	126.667
1321.900	156.667
1322.000	166.667
1322.100	160.000
1322.200	206.667
1322.300	173.333
1322.400	156.667
1322.500	140.000
1322.600	196.667
1322.700	296.667
1322.800	326.667
1322.900	380.000
1323.000	336.667
1323.100	373.333
1323.200	390.000
1323.300	483.333
1323.400	716.667
1323.500	1146.667
1323.600	1486.667
1323.700	853.333
1323.800	636.667
1323.900	490.000
1324.000	456.667
1324.100	506.667
1324.200	503.333
1324.300	400.000
1324.400	273.333
1324.500	293.333
1324.600	500.000
1324.700	596.667
1324.800	493.333
1324.900	290.000
1325.000	196.667
1325.100	236.667
1325.200	226.667
1325.300	263.333
1325.400	230.000
1325.500	233.333
1325.600	220.000
1325.700	213.333
1325.800	210.000
1325.900	213.333
1326.000	203.333
1326.100	173.333
1326.200	276.667
1326.300	223.333
1326.400	210.000
1326.500	220.000
1326.600	240.000
1326.700	213.333
1326.800	273.333
1326.900	210.000
1327.000	196.667
1327.100	186.667
1327.200	303.333
1327.300	290.000
1327.400	216.667
1327.500	193.333
1327.600	193.333
1327.700	133.333
1327.800	153.333
1327.900	166.667
