1321.000	143.333
1321.100	180.000
1321.200	130.000
1321.300	150.000
1321.400	186.667
1321.500	173.333
1321.600	163.333
1321.700	170.000
1321.800	140.000
1321.900	126.667
1322.000	153.333
1322.100	173.333
1322.200	196.667
1322.300	136.667
1322.400	153.333
1322.500	220.000
1322.600	190.000
1322.700	250.000
1322.800	193.333
1322.900	203.333
1323.000	273.333
1323.100	353.333
1323.200	396.667
1323.300	450.000
1323.400	566.667
1323.500	606.667
1323.600	510.000
1323.700	490.000
1323.800	410.000
1323.900	283.333
1324.000	263.333
1324.100	240.000
1324.200	266.667
