1316.000	993.333
1316.100	740.000
1316.200	603.333
1316.300	620.000
1316.400	550.000
1316.500	500.000
1316.600	510.000
1316.700	466.667
1316.800	466.667
1316.900	556.667
1317.000	643.333
1317.100	536.667
1317.200	510.000
1317.300	500.000
1317.400	510.000
1317.500	603.333
1317.600	626.667
1317.700	606.667
1317.800	610.000
1317.900	586.667
1318.000	623.333
1318.100	656.667
1318.200	740.000
1318.300	676.667
1318.400	696.667
1318.500	613.333
1318.600	690.000
1318.700	660.000
1318.800	830.000
1318.900	760.000
1319.000	786.667
1319.100	876.667
1319.200	1146.667
1319.300	1686.667
1319.400	1800.000
1319.500	1520.000
1319.600	1376.667
1319.700	1180.000
1319.800	813.333
1319.900	783.333
1320.000	656.667
1320.100	670.000
1320.200	586.667
1320.300	623.333
1320.400	650.000
1320.500	706.667
1320.600	560.000
1320.700	506.667
1320.800	436.667
1320.900	460.000
1321.000	470.000
1321.100	496.667
1321.200	460.000
1321.300	426.667
1321.400	400.000
1321.500	466.667
1321.600	470.000
1321.700	386.667
1321.800	456.667
1321.900	356.667
1322.000	393.333
1322.100	436.667
1322.200	440.000
1322.300	426.667
1322.400	440.000
1322.500	330.000
1322.600	353.333
1322.700	400.000
1322.800	410.000
1322.900	343.333
1323.000	303.333
1323.100	293.333
1323.200	310.000
1323.300	340.000
1323.400	316.667
