1310.000	873.333
1310.100	983.333
1310.200	1220.000
1310.300	1146.667
1310.400	1566.667
1310.500	2240.000
1310.600	2246.667
1310.700	1433.333
1310.800	1173.333
1310.900	1260.000
1311.000	1236.667
1311.100	1276.667
1311.200	1630.000
1311.300	1873.333
1311.400	2520.000
1311.500	2933.333
1311.600	1613.333
1311.700	886.667
1311.800	763.333
1311.900	1363.333
1312.000	2350.000
1312.100	2470.000
1312.200	1843.333
1312.300	1756.667
1312.400	3026.667
1312.500	1673.333
1312.600	1513.333
1312.700	1446.667
1312.800	1046.667
1312.900	1123.333
1313.000	1503.333
1313.100	2580.000
1313.200	2150.000
1313.300	1643.333
1313.400	856.667
1313.500	970.000
1313.600	1040.000
1313.700	800.000
1313.800	853.333
1313.900	716.667
1314.000	776.667
1314.100	826.667
1314.200	1093.333
1314.300	1126.667
1314.400	1423.333
1314.500	1593.333
1314.600	2433.333
1314.700	2803.333
1314.800	2366.667
1314.900	1950.000
1315.000	1980.000
1315.100	816.667
1315.200	640.000
1315.300	700.000
1315.400	653.333
1315.500	530.000
1315.600	576.667
1315.700	616.667
1315.800	610.000
1315.900	690.000
1316.000	686.667
1316.100	666.667
1316.200	580.000
1316.300	486.667
1316.400	720.000
1316.500	973.333
1316.600	1086.667
1316.700	950.000
1316.800	863.333
1316.900	743.333
1317.000	703.333
1317.100	813.333
1317.200	1126.667
1317.300	2556.667
1317.400	5733.333
1317.500	4370.000
1317.600	2083.333
1317.700	1100.000
1317.800	866.667
1317.900	1296.667
1318.000	1353.333
1318.100	1146.667
1318.200	1100.000
1318.300	1090.000
1318.400	1463.333
1318.500	2030.000
1318.600	3406.667
1318.700	4136.667
1318.800	1906.667
1318.900	1233.333
1319.000	1706.667
1319.100	3253.333
1319.200	2303.333
1319.300	1173.333
1319.400	1320.000
1319.500	1416.667
1319.600	1290.000
1319.700	3096.667
1319.800	2453.333
1319.900	1136.667
1320.000	713.333
1320.100	630.000
1320.200	556.667
1320.300	543.333
1320.400	433.333
1320.500	1893.333
1320.600	803.333
1320.700	1190.000
1320.800	883.333
1320.900	923.333
1321.000	1220.000
1321.100	933.333
1321.200	853.333
1321.300	720.000
1321.400	703.333
1321.500	766.667
1321.600	633.333
1321.700	716.667
1321.800	696.667
1321.900	963.333
1322.000	1766.667
1322.100	2436.667
1322.200	1380.000
1322.300	2700.000
1322.400	2386.667
1322.500	1496.667
1322.600	1216.667
1322.700	1303.333
1322.800	1420.000
1322.900	1696.667
1323.000	2266.667
1323.100	2346.667
1323.200	1603.333
1323.300	1553.333
1323.400	2306.667
1323.500	3390.000
1323.600	5490.000
1323.700	2763.333
1323.800	1863.333
1323.900	1373.333
1324.000	1450.000
1324.100	2330.000
1324.200	1996.667
1324.300	1426.667
1324.400	1440.000
1324.500	1713.333
1324.600	1133.333
1324.700	903.333
1324.800	790.000
1324.900	723.333
1325.000	630.000
1325.100	633.333
1325.200	586.667
1325.300	710.000
1325.400	770.000
1325.500	1016.667
1325.600	796.667
1325.700	596.667
1325.800	550.000
1325.900	690.000
1326.000	753.333
1326.100	1140.000
1326.200	1383.333
1326.300	956.667
1326.400	840.000
1326.500	736.667
1326.600	693.333
1326.700	893.333
1326.800	1016.667
1326.900	1016.667
1327.000	940.000
1327.100	1000.000
1327.200	1233.333
1327.300	890.000
1327.400	693.333
1327.500	826.667
1327.600	893.333
1327.700	1013.333
1327.800	1006.667
1327.900	556.667
1328.000	446.667
1328.100	496.667
1328.200	420.000
1328.300	580.000
1328.400	553.333
1328.500	520.000
1328.600	676.667
1328.700	626.667
1328.800	630.000
1328.900	630.000
1329.000	600.000
1329.100	600.000
1329.200	610.000
1329.300	716.667
1329.400	650.000
1329.500	560.000
1329.600	613.333
1329.700	446.667
1329.800	533.333
1329.900	420.000
1330.000	366.667
1330.100	430.000
1330.200	316.667
1330.300	270.000
1330.400	270.000
1330.500	200.000
1330.600	290.000
1330.700	283.333
1330.800	310.000
1330.900	276.667
1331.000	263.333
1331.100	196.667
1331.200	223.333
1331.300	260.000
1331.400	230.000
1331.500	306.667
1331.600	306.667
1331.700	296.667
1331.800	253.333
1331.900	300.000
1332.000	276.667
1332.100	273.333
1332.200	350.000
1332.300	436.667
1332.400	380.000
1332.500	430.000
1332.600	403.333
1332.700	400.000
1332.800	403.333
1332.900	370.000
1333.000	396.667
1333.100	420.000
1333.200	410.000
1333.300	376.667
1333.400	386.667
1333.500	316.667
1333.600	326.667
1333.700	320.000
1333.800	290.000
1333.900	263.333
1334.000	266.667
1334.100	290.000
1334.200	326.667
1334.300	443.333
1334.400	353.333
1334.500	320.000
1334.600	276.667
1334.700	306.667
1334.800	263.333
1334.900	320.000
