1320.000	670.000
1320.100	546.667
1320.200	593.333
1320.300	1010.000
1320.400	1356.667
1320.500	920.000
1320.600	383.333
1320.700	433.333
1320.800	340.000
1320.900	316.667
1321.000	386.667
1321.100	420.000
1321.200	466.667
1321.300	446.667
1321.400	350.000
1321.500	403.333
1321.600	413.333
1321.700	383.333
1321.800	466.667
1321.900	506.667
1322.000	416.667
1322.100	550.000
1322.200	530.000
1322.300	423.333
1322.400	483.333
1322.500	620.000
1322.600	720.000
1322.700	696.667
1322.800	613.333
1322.900	770.000
1323.000	686.667
1323.100	840.000
1323.200	760.000
1323.300	696.667
1323.400	1093.333
1323.500	1493.333
1323.600	2046.667
1323.700	1993.333
1323.800	1433.333
1323.900	1286.667
1324.000	1300.000
1324.100	1173.333
1324.200	993.333
1324.300	853.333
1324.400	816.667
1324.500	706.667
1324.600	770.000
1324.700	1146.667
1324.800	920.000
1324.900	603.333
1325.000	543.333
1325.100	470.000
1325.200	540.000
1325.300	496.667
1325.400	456.667
1325.500	560.000
1325.600	470.000
1325.700	566.667
1325.800	460.000
1325.900	480.000
