1317.000	2413.333
1317.100	2353.333
1317.200	2116.667
1317.300	2243.333
1317.400	2156.667
1317.500	2080.000
1317.600	2020.000
1317.700	2120.000
1317.800	2806.667
1317.900	2216.667
1318.000	1840.000
1318.100	1976.667
1318.200	2163.333
1318.300	1900.000
1318.400	1270.000
1318.500	1026.667
1318.600	1070.000
1318.700	1343.333
1318.800	1320.000
1318.900	1593.333
1319.000	1910.000
1319.100	1790.000
1319.200	2456.667
1319.300	3020.000
1319.400	4793.333
1319.500	5333.333
1319.600	3136.667
1319.700	2100.000
1319.800	1823.333
1319.900	1653.333
1320.000	1166.667
1320.100	1130.000
1320.200	1110.000
1320.300	1006.667
1320.400	920.000
1320.500	1136.667
1320.600	1003.333
1320.700	1010.000
1320.800	936.667
1320.900	963.333
1321.000	910.000
1321.100	950.000
1321.200	923.333
1321.300	1046.667
1321.400	1263.333
1321.500	1113.333
1321.600	926.667
1321.700	823.333
1321.800	713.333
1321.900	803.333
1322.000	1023.333
1322.100	1280.000
1322.200	1033.333
1322.300	1213.333
1322.400	980.000
1322.500	843.333
1322.600	883.333
1322.700	906.667
1322.800	1040.000
1322.900	1033.333
