1313.000	110.000
1313.100	110.000
1313.200	196.667
1313.300	183.333
1313.400	230.000
1313.500	210.000
1313.600	213.333
1313.700	133.333
1313.800	206.667
1313.900	396.667
1314.000	403.333
1314.100	240.000
1314.200	170.000
1314.300	586.667
1314.400	566.667
1314.500	523.333
1314.600	250.000
1314.700	146.667
1314.800	100.000
1314.900	123.333
1315.000	136.667
1315.100	240.000
1315.200	353.333
1315.300	343.333
1315.400	300.000
1315.500	163.333
1315.600	293.333
1315.700	250.000
1315.800	300.000
1315.900	236.667
1316.000	306.667
1316.100	546.667
1316.200	463.333
1316.300	210.000
1316.400	186.667
1316.500	133.333
1316.600	136.667
1316.700	76.667
1316.800	110.000
1316.900	110.000
1317.000	170.000
1317.100	130.000
1317.200	136.667
1317.300	146.667
1317.400	116.667
1317.500	116.667
1317.600	130.000
1317.700	83.333
1317.800	146.667
1317.900	173.333
1318.000	213.333
1318.100	180.000
1318.200	193.333
1318.300	136.667
1318.400	190.000
1318.500	283.333
1318.600	420.000
1318.700	403.333
1318.800	303.333
1318.900	493.333
1319.000	420.000
1319.100	476.667
1319.200	553.333
1319.300	980.000
1319.400	1810.000
1319.500	2113.333
1319.600	1283.333
1319.700	860.000
1319.800	806.667
1319.900	880.000
1320.000	706.667
1320.100	720.000
1320.200	680.000
1320.300	493.333
1320.400	400.000
1320.500	603.333
1320.600	820.000
1320.700	586.667
1320.800	380.000
1320.900	283.333
1321.000	300.000
1321.100	363.333
1321.200	260.000
1321.300	250.000
1321.400	293.333
1321.500	350.000
1321.600	363.333
1321.700	340.000
1321.800	280.000
1321.900	313.333
1322.000	330.000
1322.100	280.000
1322.200	350.000
1322.300	400.000
1322.400	390.000
1322.500	363.333
1322.600	366.667
1322.700	266.667
1322.800	280.000
1322.900	416.667
1323.000	330.000
1323.100	310.000
1323.200	360.000
1323.300	403.333
1323.400	290.000
1323.500	246.667
1323.600	183.333
1323.700	200.000
1323.800	153.333
1323.900	160.000
1324.000	266.667
1324.100	300.000
1324.200	333.333
1324.300	236.667
1324.400	296.667
1324.500	363.333
1324.600	500.000
1324.700	616.667
1324.800	606.667
1324.900	523.333
1325.000	486.667
1325.100	540.000
1325.200	530.000
1325.300	400.000
1325.400	340.000
1325.500	423.333
1325.600	366.667
1325.700	326.667
1325.800	300.000
1325.900	303.333
1326.000	353.333
1326.100	516.667
1326.200	453.333
1326.300	590.000
1326.400	753.333
1326.500	760.000
1326.600	733.333
1326.700	586.667
1326.800	460.000
1326.900	356.667
1327.000	520.000
1327.100	503.333
1327.200	466.667
1327.300	423.333
1327.400	416.667
1327.500	276.667
1327.600	296.667
1327.700	206.667
1327.800	166.667
1327.900	166.667
