1300.000	926.667
1300.100	893.333
1300.200	863.333
1300.300	1023.333
1300.400	920.000
1300.500	880.000
1300.600	983.333
1300.700	1173.333
1300.800	1250.000
1300.900	1316.667
1301.000	1466.667
1301.100	1473.333
1301.200	1516.667
1301.300	1516.667
1301.400	1980.000
1301.500	3283.333
1301.600	3496.667
1301.700	2746.667
1301.800	1290.000
1301.900	913.333
1302.000	766.667
1302.100	690.000
1302.200	640.000
1302.300	790.000
1302.400	753.333
1302.500	596.667
1302.600	656.667
1302.700	846.667
1302.800	966.667
1302.900	916.667
1303.000	840.000
1303.100	640.000
1303.200	746.667
1303.300	1056.667
1303.400	1236.667
1303.500	823.333
1303.600	800.000
1303.700	810.000
1303.800	1103.333
1303.900	1160.000
1304.000	946.667
1304.100	833.333
1304.200	800.000
1304.300	1066.667
1304.400	1210.000
1304.500	873.333
1304.600	773.333
1304.700	736.667
1304.800	756.667
1304.900	1020.000
1305.000	916.667
1305.100	1020.000
1305.200	1026.667
1305.300	936.667
1305.400	1290.000
1305.500	1146.667
1305.600	1100.000
1305.700	1020.000
1305.800	1133.333
1305.900	1556.667
1306.000	1870.000
1306.100	1960.000
1306.200	2240.000
1306.300	1916.667
1306.400	1273.333
1306.500	1186.667
1306.600	1393.333
1306.700	1983.333
1306.800	2086.667
1306.900	3190.000
1307.000	3846.667
1307.100	3100.000
1307.200	1850.000
1307.300	1273.333
1307.400	1256.667
1307.500	1210.000
1307.600	1470.000
1307.700	1643.333
1307.800	1980.000
1307.900	3280.000
1308.000	3690.000
1308.100	2393.333
1308.200	1820.000
1308.300	1780.000
1308.400	1430.000
1308.500	1933.333
1308.600	3000.000
1308.700	3700.000
1308.800	2606.667
1308.900	1663.333
1309.000	1176.667
1309.100	1093.333
1309.200	1100.000
1309.300	1346.667
1309.400	1756.667
1309.500	2016.667
1309.600	2393.333
1309.700	3146.667
1309.800	3830.000
1309.900	3970.000
1310.000	3730.000
1310.100	2880.000
1310.200	2763.333
1310.300	3026.667
1310.400	3530.000
1310.500	5170.000
1310.600	5340.000
1310.700	3000.000
1310.800	2093.333
1310.900	1946.667
1311.000	1976.667
1311.100	2070.000
1311.200	1936.667
1311.300	1923.333
1311.400	2263.333
1311.500	1863.333
1311.600	1536.667
1311.700	1306.667
1311.800	1206.667
1311.900	1380.000
1312.000	1436.667
1312.100	1726.667
1312.200	1743.333
1312.300	1943.333
1312.400	1576.667
1312.500	1810.000
1312.600	1746.667
1312.700	1670.000
1312.800	1740.000
1312.900	1896.667
1313.000	2160.000
1313.100	3006.667
1313.200	4523.333
1313.300	4370.000
1313.400	2743.333
1313.500	1656.667
1313.600	1863.333
1313.700	2620.000
1313.800	3313.333
1313.900	3123.333
1314.000	2916.667
1314.100	3076.667
1314.200	2663.333
1314.300	2383.333
1314.400	2933.333
1314.500	3800.000
1314.600	3003.333
1314.700	1770.000
1314.800	2160.000
1314.900	3706.667
1315.000	3850.000
1315.100	2380.000
1315.200	2560.000
1315.300	2456.667
1315.400	1696.667
1315.500	1633.333
1315.600	2286.667
1315.700	2276.667
1315.800	1406.667
1315.900	1176.667
1316.000	1056.667
1316.100	1066.667
1316.200	1100.000
1316.300	1313.333
1316.400	1700.000
1316.500	2400.000
1316.600	2853.333
1316.700	2920.000
1316.800	2343.333
1316.900	2053.333
1317.000	2020.000
1317.100	1940.000
1317.200	2380.000
1317.300	2393.333
1317.400	2056.667
1317.500	2106.667
1317.600	2350.000
1317.700	2953.333
1317.800	2910.000
1317.900	2683.333
1318.000	2910.000
1318.100	3493.333
1318.200	3400.000
1318.300	2746.667
1318.400	2166.667
1318.500	1730.000
1318.600	1413.333
1318.700	1630.000
1318.800	1873.333
1318.900	2493.333
1319.000	2716.667
1319.100	2526.667
1319.200	2526.667
1319.300	4656.667
1319.400	7703.333
1319.500	6580.000
1319.600	3550.000
1319.700	2676.667
1319.800	2750.000
1319.900	2280.000
1320.000	1936.667
1320.100	2323.333
1320.200	2230.000
1320.300	1706.667
1320.400	1903.333
1320.500	2060.000
1320.600	2113.333
1320.700	1806.667
1320.800	1670.000
1320.900	1320.000
1321.000	1570.000
1321.100	1443.333
1321.200	1723.333
1321.300	2110.000
1321.400	1920.000
1321.500	1793.333
1321.600	1526.667
1321.700	1566.667
1321.800	1356.667
1321.900	1463.333
1322.000	1253.333
1322.100	1356.667
1322.200	1603.333
1322.300	1383.333
1322.400	1173.333
1322.500	1206.667
1322.600	1480.000
1322.700	1570.000
1322.800	2026.667
1322.900	1813.333
1323.000	1470.000
1323.100	1356.667
1323.200	1183.333
1323.300	1283.333
1323.400	1336.667
1323.500	1086.667
1323.600	1150.000
1323.700	1383.333
1323.800	1320.000
1323.900	1030.000
1324.000	866.667
1324.100	1006.667
1324.200	1300.000
1324.300	1506.667
1324.400	1840.000
1324.500	1776.667
1324.600	1536.667
1324.700	1510.000
1324.800	1563.333
1324.900	1410.000
1325.000	1383.333
1325.100	1483.333
1325.200	1556.667
1325.300	1956.667
1325.400	3250.000
1325.500	3200.000
1325.600	1543.333
1325.700	1143.333
1325.800	1133.333
1325.900	1053.333
1326.000	933.333
1326.100	1536.667
1326.200	2663.333
1326.300	2130.000
1326.400	1033.333
1326.500	680.000
1326.600	743.333
1326.700	653.333
1326.800	613.333
1326.900	760.000
1327.000	816.667
1327.100	803.333
1327.200	676.667
1327.300	630.000
1327.400	656.667
1327.500	773.333
1327.600	1023.333
1327.700	1303.333
1327.800	1406.667
1327.900	930.000
1328.000	1220.000
1328.100	1640.000
1328.200	1480.000
1328.300	1330.000
1328.400	1503.333
1328.500	1466.667
1328.600	1870.000
1328.700	2020.000
1328.800	1613.333
1328.900	1946.667
1329.000	1460.000
1329.100	1230.000
1329.200	1416.667
1329.300	1470.000
1329.400	1303.333
1329.500	1006.667
1329.600	840.000
1329.700	823.333
1329.800	796.667
1329.900	886.667
1330.000	923.333
1330.100	726.667
1330.200	693.333
1330.300	876.667
1330.400	1533.333
1330.500	2303.333
1330.600	1733.333
1330.700	1176.667
1330.800	970.000
1330.900	910.000
1331.000	1120.000
1331.100	1640.000
1331.200	1390.000
1331.300	913.333
1331.400	686.667
1331.500	783.333
1331.600	876.667
1331.700	826.667
1331.800	1086.667
1331.900	1070.000
1332.000	696.667
1332.100	820.000
1332.200	640.000
1332.300	660.000
1332.400	593.333
1332.500	470.000
1332.600	533.333
1332.700	580.000
1332.800	533.333
1332.900	610.000
1333.000	606.667
1333.100	480.000
1333.200	553.333
1333.300	803.333
1333.400	940.000
1333.500	940.000
1333.600	790.000
1333.700	710.000
1333.800	553.333
1333.900	633.333
1334.000	613.333
1334.100	640.000
1334.200	646.667
1334.300	610.000
1334.400	626.667
1334.500	770.000
1334.600	690.000
1334.700	623.333
1334.800	750.000
1334.900	970.000
1335.000	1116.667
1335.100	926.667
1335.200	726.667
1335.300	663.333
1335.400	783.333
1335.500	933.333
1335.600	703.333
1335.700	716.667
1335.800	563.333
1335.900	600.000
1336.000	756.667
1336.100	953.333
1336.200	1423.333
1336.300	2090.000
1336.400	3626.667
1336.500	3363.333
1336.600	1490.000
1336.700	556.667
1336.800	650.000
1336.900	723.333
1337.000	1066.667
1337.100	1076.667
1337.200	903.333
1337.300	1253.333
1337.400	1473.333
1337.500	1046.667
1337.600	1336.667
1337.700	2203.333
1337.800	1546.667
1337.900	700.000
1338.000	513.333
1338.100	450.000
1338.200	543.333
1338.300	543.333
1338.400	663.333
1338.500	726.667
1338.600	860.000
1338.700	1040.000
1338.800	843.333
1338.900	1050.000
1339.000	983.333
1339.100	1256.667
1339.200	986.667
1339.300	730.000
1339.400	1086.667
1339.500	1206.667
1339.600	1136.667
1339.700	1246.667
1339.800	1150.000
1339.900	1173.333
