1321.000	993.333
1321.100	920.000
1321.200	803.333
1321.300	1046.667
1321.400	863.333
1321.500	860.000
1321.600	873.333
1321.700	873.333
1321.800	933.333
1321.900	1166.667
1322.000	1486.667
1322.100	1936.667
1322.200	2290.000
1322.300	2456.667
1322.400	2100.000
1322.500	1616.667
1322.600	1570.000
1322.700	2023.333
1322.800	2280.000
1322.900	2256.667
1323.000	2280.000
1323.100	2370.000
1323.200	2396.667
1323.300	3313.333
1323.400	6820.000
1323.500	12670.000
1323.600	10596.667
1323.700	6863.333
1323.800	6640.000
1323.900	5833.333
1324.000	5326.667
1324.100	4046.667
1324.200	3166.667
1324.300	2563.333
1324.400	1973.333
1324.500	2860.000
1324.600	4603.333
1324.700	3763.333
1324.800	1943.333
1324.900	1543.333
1325.000	1546.667
1325.100	1930.000
1325.200	1840.000
1325.300	1350.000
1325.400	1700.000
1325.500	2736.667
1325.600	3193.333
1325.700	2116.667
1325.800	1696.667
1325.900	1993.333
1326.000	1656.667
1326.100	1680.000
1326.200	1800.000
1326.300	1820.000
1326.400	1723.333
1326.500	1300.000
1326.600	1266.667
1326.700	1346.667
1326.800	1653.333
1326.900	1360.000
