1310.000	166.667
1310.100	190.000
1310.200	203.333
1310.300	200.000
1310.400	223.333
1310.500	140.000
1310.600	183.333
1310.700	186.667
1310.800	203.333
1310.900	136.667
1311.000	196.667
1311.100	166.667
1311.200	160.000
1311.300	180.000
1311.400	140.000
1311.500	123.333
1311.600	146.667
1311.700	193.333
1311.800	170.000
1311.900	150.000
1312.000	133.333
1312.100	186.667
1312.200	150.000
1312.300	126.667
1312.400	146.667
1312.500	200.000
1312.600	260.000
1312.700	236.667
1312.800	193.333
1312.900	240.000
1313.000	190.000
1313.100	243.333
1313.200	216.667
1313.300	270.000
1313.400	253.333
1313.500	260.000
1313.600	336.667
1313.700	520.000
1313.800	606.667
1313.900	363.333
1314.000	230.000
1314.100	313.333
1314.200	423.333
1314.300	403.333
1314.400	243.333
1314.500	173.333
1314.600	183.333
1314.700	153.333
1314.800	213.333
1314.900	190.000
1315.000	213.333
1315.100	300.000
1315.200	300.000
1315.300	246.667
1315.400	376.667
1315.500	370.000
1315.600	260.000
1315.700	216.667
1315.800	283.333
1315.900	473.333
1316.000	456.667
1316.100	300.000
1316.200	246.667
1316.300	216.667
1316.400	186.667
1316.500	193.333
1316.600	206.667
1316.700	173.333
1316.800	200.000
1316.900	230.000
1317.000	170.000
1317.100	213.333
1317.200	173.333
1317.300	193.333
1317.400	183.333
1317.500	186.667
1317.600	203.333
1317.700	173.333
1317.800	190.000
1317.900	276.667
1318.000	233.333
1318.100	193.333
1318.200	240.000
1318.300	240.000
1318.400	236.667
1318.500	203.333
1318.600	183.333
1318.700	223.333
1318.800	270.000
1318.900	276.667
1319.000	410.000
1319.100	503.333
1319.200	790.000
1319.300	1070.000
1319.400	863.333
1319.500	596.667
1319.600	403.333
1319.700	356.667
1319.800	360.000
1319.900	336.667
1320.000	336.667
1320.100	276.667
1320.200	266.667
1320.300	236.667
1320.400	256.667
1320.500	233.333
1320.600	250.000
1320.700	183.333
1320.800	220.000
1320.900	206.667
1321.000	176.667
1321.100	176.667
1321.200	156.667
1321.300	156.667
1321.400	243.333
1321.500	210.000
1321.600	176.667
1321.700	196.667
1321.800	173.333
1321.900	196.667
1322.000	213.333
1322.100	223.333
1322.200	276.667
1322.300	276.667
1322.400	243.333
1322.500	220.000
1322.600	240.000
1322.700	193.333
1322.800	213.333
1322.900	216.667
1323.000	190.000
1323.100	296.667
1323.200	293.333
1323.300	193.333
1323.400	190.000
1323.500	200.000
1323.600	163.333
1323.700	136.667
1323.800	210.000
1323.900	240.000
1324.000	176.667
1324.100	213.333
1324.200	206.667
1324.300	240.000
1324.400	223.333
1324.500	286.667
1324.600	356.667
1324.700	316.667
1324.800	243.333
1324.900	300.000
1325.000	340.000
1325.100	236.667
1325.200	326.667
1325.300	250.000
1325.400	333.333
1325.500	323.333
1325.600	240.000
1325.700	263.333
1325.800	233.333
1325.900	303.333
1326.000	293.333
1326.100	306.667
1326.200	280.000
1326.300	306.667
1326.400	306.667
1326.500	350.000
1326.600	203.333
1326.700	243.333
1326.800	283.333
1326.900	253.333
1327.000	266.667
1327.100	276.667
1327.200	273.333
1327.300	243.333
1327.400	210.000
1327.500	143.333
1327.600	206.667
1327.700	153.333
1327.800	193.333
1327.900	163.333
1328.000	116.667
1328.100	210.000
1328.200	120.000
1328.300	173.333
1328.400	163.333
1328.500	170.000
1328.600	140.000
1328.700	163.333
1328.800	153.333
1328.900	160.000
1329.000	160.000
1329.100	183.333
1329.200	176.667
1329.300	193.333
1329.400	200.000
1329.500	223.333
1329.600	196.667
1329.700	190.000
1329.800	253.333
1329.900	233.333
