1320.000	663.333
1320.100	673.333
1320.200	730.000
1320.300	620.000
1320.400	710.000
1320.500	850.000
1320.600	813.333
1320.700	853.333
1320.800	886.667
1320.900	876.667
1321.000	826.667
1321.100	1010.000
1321.200	1076.667
1321.300	1143.333
1321.400	1053.333
1321.500	970.000
1321.600	876.667
1321.700	753.333
1321.800	846.667
1321.900	803.333
1322.000	903.333
1322.100	996.667
1322.200	1076.667
1322.300	1073.333
1322.400	1063.333
1322.500	866.667
1322.600	833.333
1322.700	763.333
1322.800	710.000
1322.900	793.333
1323.000	750.000
1323.100	860.000
1323.200	823.333
1323.300	936.667
1323.400	940.000
1323.500	896.667
1323.600	950.000
1323.700	976.667
1323.800	870.000
1323.900	1016.667
1324.000	943.333
1324.100	970.000
1324.200	1220.000
1324.300	1463.333
1324.400	1636.667
1324.500	1523.333
1324.600	1566.667
1324.700	1486.667
1324.800	1210.000
1324.900	1120.000
1325.000	1086.667
1325.100	1230.000
1325.200	1116.667
1325.300	993.333
1325.400	1010.000
1325.500	1030.000
1325.600	870.000
1325.700	923.333
1325.800	890.000
1325.900	780.000
1326.000	880.000
1326.100	856.667
1326.200	960.000
1326.300	856.667
1326.400	610.000
1326.500	616.667
1326.600	570.000
1326.700	696.667
1326.800	716.667
1326.900	633.333
1327.000	620.000
1327.100	556.667
1327.200	573.333
1327.300	593.333
1327.400	620.000
1327.500	750.000
1327.600	706.667
1327.700	953.333
1327.800	880.000
1327.900	813.333
