1322.000	450.000
1322.100	650.000
1322.200	1043.333
1322.300	1166.667
1322.400	963.333
1322.500	696.667
1322.600	470.000
1322.700	356.667
1322.800	513.333
1322.900	826.667
1323.000	810.000
1323.100	730.000
1323.200	530.000
1323.300	406.667
1323.400	423.333
1323.500	556.667
1323.600	443.333
1323.700	436.667
1323.800	380.000
1323.900	410.000
1324.000	523.333
1324.100	676.667
1324.200	1050.000
1324.300	1846.667
1324.400	2200.000
1324.500	2053.333
1324.600	1490.000
1324.700	980.000
1324.800	813.333
1324.900	863.333
1325.000	1353.333
1325.100	1670.000
1325.200	1500.000
1325.300	1123.333
1325.400	580.000
1325.500	440.000
1325.600	403.333
1325.700	410.000
1325.800	403.333
1325.900	440.000
1326.000	600.000
1326.100	666.667
1326.200	636.667
1326.300	573.333
1326.400	416.667
1326.500	396.667
1326.600	476.667
1326.700	480.000
1326.800	426.667
1326.900	456.667
1327.000	496.667
1327.100	480.000
1327.200	483.333
1327.300	513.333
1327.400	636.667
1327.500	696.667
1327.600	576.667
1327.700	576.667
1327.800	496.667
1327.900	463.333
