1322.000	1540.000
1322.100	2010.000
1322.200	2600.000
1322.300	2993.333
1322.400	2730.000
1322.500	2190.000
1322.600	1786.667
1322.700	1390.000
1322.800	1443.333
1322.900	1783.333
1323.000	2033.333
1323.100	1830.000
1323.200	1633.333
1323.300	1693.333
1323.400	1833.333
1323.500	1986.667
1323.600	1803.333
1323.700	1666.667
1323.800	1706.667
1323.900	1933.333
1324.000	2276.667
1324.100	2820.000
1324.200	3486.667
1324.300	4290.000
1324.400	4893.333
1324.500	4750.000
1324.600	4286.667
1324.700	3336.667
1324.800	2536.667
1324.900	2986.667
1325.000	3513.333
1325.100	4053.333
1325.200	3913.333
1325.300	3206.667
1325.400	2113.333
1325.500	1623.333
1325.600	1603.333
1325.700	1556.667
1325.800	1363.333
1325.900	1333.333
1326.000	2053.333
1326.100	2373.333
1326.200	2446.667
1326.300	1856.667
1326.400	1473.333
1326.500	1310.000
1326.600	1413.333
1326.700	1543.333
1326.800	1303.333
1326.900	1273.333
1327.000	1243.333
1327.100	1426.667
1327.200	1406.667
1327.300	1663.333
1327.400	1906.667
1327.500	2403.333
1327.600	2520.000
1327.700	2040.000
1327.800	1763.333
1327.900	1580.000
