1324.000	473.333
1324.100	633.333
1324.200	523.333
1324.300	436.667
1324.400	336.667
1324.500	466.667
1324.600	550.000
1324.700	433.333
1324.800	550.000
1324.900	776.667
1325.000	483.333
1325.100	426.667
1325.200	520.000
1325.300	790.000
1325.400	1016.667
1325.500	926.667
1325.600	773.333
1325.700	550.000
1325.800	490.000
1325.900	460.000
1326.000	470.000
1326.100	553.333
1326.200	756.667
1326.300	933.333
1326.400	920.000
1326.500	730.000
1326.600	606.667
1326.700	436.667
1326.800	443.333
1326.900	366.667
1327.000	456.667
1327.100	446.667
1327.200	546.667
1327.300	600.000
1327.400	633.333
1327.500	536.667
1327.600	533.333
1327.700	530.000
1327.800	620.000
1327.900	633.333
1328.000	703.333
1328.100	606.667
1328.200	710.000
1328.300	1086.667
1328.400	1413.333
1328.500	1446.667
1328.600	1406.667
1328.700	2693.333
1328.800	1090.000
1328.900	880.000
1329.000	756.667
1329.100	773.333
1329.200	700.000
1329.300	630.000
1329.400	653.333
1329.500	620.000
1329.600	710.000
1329.700	553.333
1329.800	493.333
1329.900	493.333
1330.000	513.333
1330.100	563.333
1330.200	520.000
1330.300	620.000
1330.400	570.000
1330.500	563.333
1330.600	553.333
1330.700	506.667
1330.800	520.000
1330.900	563.333
1331.000	630.000
1331.100	533.333
1331.200	486.667
1331.300	436.667
1331.400	530.000
1331.500	526.667
1331.600	676.667
1331.700	710.000
1331.800	586.667
1331.900	540.000
