1558.500	316.667
1558.550	313.333
1558.600	386.667
1558.650	366.667
1558.700	303.333
1558.750	270.000
1558.800	210.000
1558.850	283.333
1558.900	506.667
1558.950	596.667
1559.000	520.000
1559.050	1333.333
1559.100	4120.000
1559.150	7380.000
1559.200	6746.667
1559.250	4530.000
1559.300	2850.000
1559.350	1130.000
1559.400	633.333
1559.450	896.667
1559.500	1346.667
1559.550	1466.667
1559.600	1123.333
1559.650	723.333
1559.700	553.333
1559.750	520.000
1559.800	566.667
1559.850	570.000
1559.900	630.000
1559.950	393.333
1560.000	376.667
1560.050	373.333
1560.100	363.333
1560.150	363.333
1560.200	510.000
1560.250	690.000
1560.300	903.333
1560.350	813.333
1560.400	800.000
1560.450	890.000
1560.500	920.000
1560.550	1013.333
1560.600	1090.000
1560.650	936.667
1560.700	703.333
1560.750	666.667
1560.800	866.667
1560.850	1390.000
1560.900	3186.667
1560.950	5400.000
1561.000	6806.667
1561.050	6276.667
1561.100	4643.333
1561.150	2796.667
1561.200	1573.333
1561.250	1393.333
1561.300	1323.333
1561.350	1023.333
1561.400	653.333
1561.450	436.667
