1555.000	893.333
1555.200	1013.333
1555.400	970.000
1555.600	963.333
1555.800	873.333
1556.000	883.333
1556.200	970.000
1556.400	1013.333
1556.600	970.000
1556.800	993.333
1557.000	916.667
1557.200	1006.667
1557.400	1046.667
1557.600	906.667
1557.800	976.667
1558.000	806.667
1558.200	1010.000
1558.400	830.000
1558.600	843.333
1558.800	983.333
1559.000	880.000
1559.200	853.333
1559.400	1000.000
1559.600	950.000
1559.800	883.333
1560.000	990.000
1560.200	816.667
1560.400	993.333
1560.600	930.000
1560.800	916.667
1561.000	1013.333
1561.200	993.333
1561.400	1030.000
1561.600	1053.333
1561.800	1006.667
1562.000	1033.333
1562.200	1016.667
1562.400	1053.333
1562.600	1170.000
1562.800	1146.667
1563.000	1180.000
1563.200	1066.667
1563.400	1146.667
1563.600	1256.667
1563.800	1150.000
1564.000	1206.667
1564.200	1263.333
1564.400	1220.000
1564.600	1400.000
1564.800	1303.333
1565.000	1453.333
1565.200	1460.000
1565.400	1510.000
1565.600	1380.000
1565.800	1533.333
1566.000	1250.000
1566.200	1206.667
1566.400	1306.667
1566.600	1296.667
1566.800	1270.000
1567.000	1160.000
1567.200	1200.000
1567.400	1110.000
1567.600	1146.667
1567.800	1170.000
1568.000	1156.667
1568.200	1046.667
1568.400	923.333
1568.600	1030.000
1568.800	823.333
1569.000	903.333
1569.200	913.333
1569.400	773.333
1569.600	890.000
1569.800	976.667
1570.000	943.333
1570.200	923.333
1570.400	873.333
1570.600	766.667
1570.800	833.333
1571.000	850.000
1571.200	836.667
1571.400	800.000
1571.600	803.333
1571.800	793.333
1572.000	843.333
1572.200	820.000
1572.400	810.000
1572.600	720.000
1572.800	713.333
1573.000	853.333
1573.200	730.000
1573.400	710.000
1573.600	730.000
1573.800	726.667
1574.000	723.333
1574.200	676.667
1574.400	636.667
1574.600	690.000
1574.800	580.000
