1312.000	110.000
1312.100	96.667
1312.200	80.000
1312.300	136.667
1312.400	133.333
1312.500	93.333
1312.600	120.000
1312.700	140.000
1312.800	113.333
1312.900	130.000
1313.000	153.333
1313.100	343.333
1313.200	760.000
1313.300	1983.333
1313.400	2243.333
1313.500	1896.667
1313.600	853.333
1313.700	653.333
1313.800	540.000
1313.900	463.333
1314.000	170.000
1314.100	120.000
1314.200	153.333
1314.300	180.000
1314.400	146.667
1314.500	390.000
1314.600	676.667
1314.700	963.333
1314.800	830.000
1314.900	533.333
1315.000	176.667
1315.100	123.333
1315.200	116.667
1315.300	136.667
1315.400	120.000
1315.500	150.000
1315.600	113.333
1315.700	170.000
1315.800	143.333
1315.900	263.333
1316.000	313.333
1316.100	300.000
1316.200	336.667
1316.300	320.000
1316.400	503.333
1316.500	546.667
1316.600	616.667
1316.700	376.667
1316.800	270.000
1316.900	276.667
1317.000	300.000
1317.100	323.333
1317.200	436.667
1317.300	533.333
1317.400	680.000
1317.500	890.000
1317.600	1280.000
1317.700	1476.667
1317.800	1313.333
1317.900	630.000
1318.000	433.333
1318.100	713.333
1318.200	1403.333
1318.300	1983.333
1318.400	2590.000
1318.500	2160.000
1318.600	1846.667
1318.700	1910.000
1318.800	1733.333
1318.900	1196.667
1319.000	1293.333
1319.100	1986.667
1319.200	3456.667
1319.300	4076.667
1319.400	3076.667
1319.500	1410.000
1319.600	706.667
1319.700	616.667
1319.800	620.000
1319.900	496.667
1320.000	580.000
1320.100	596.667
1320.200	516.667
1320.300	510.000
1320.400	590.000
1320.500	726.667
1320.600	840.000
1320.700	806.667
1320.800	760.000
1320.900	806.667
1321.000	940.000
1321.100	1216.667
1321.200	1433.333
1321.300	1500.000
1321.400	1046.667
1321.500	633.333
1321.600	543.333
1321.700	586.667
1321.800	903.333
1321.900	923.333
1322.000	830.000
1322.100	756.667
1322.200	843.333
1322.300	750.000
1322.400	806.667
1322.500	813.333
1322.600	1416.667
1322.700	1930.000
1322.800	1776.667
1322.900	1373.333
1323.000	936.667
1323.100	630.000
1323.200	786.667
1323.300	733.333
1323.400	616.667
1323.500	366.667
1323.600	283.333
1323.700	226.667
1323.800	263.333
1323.900	230.000
1324.000	343.333
1324.100	300.000
1324.200	416.667
1324.300	570.000
1324.400	530.000
1324.500	516.667
1324.600	513.333
1324.700	596.667
1324.800	516.667
1324.900	506.667
1325.000	433.333
1325.100	320.000
1325.200	216.667
1325.300	170.000
1325.400	270.000
1325.500	180.000
1325.600	220.000
1325.700	163.333
1325.800	160.000
1325.900	200.000
1326.000	196.667
1326.100	263.333
1326.200	210.000
1326.300	193.333
1326.400	170.000
1326.500	130.000
1326.600	103.333
1326.700	70.000
1326.800	133.333
1326.900	163.333
1327.000	193.333
1327.100	133.333
1327.200	66.667
1327.300	76.667
1327.400	80.000
1327.500	103.333
1327.600	66.667
1327.700	90.000
1327.800	63.333
1327.900	83.333
1328.000	60.000
1328.100	86.667
