1305.000	200.000
1305.100	186.667
1305.200	233.333
1305.300	133.333
1305.400	163.333
1305.500	216.667
1305.600	200.000
1305.700	213.333
1305.800	253.333
1305.900	216.667
1306.000	230.000
1306.100	343.333
1306.200	196.667
1306.300	230.000
1306.400	230.000
1306.500	283.333
1306.600	280.000
1306.700	266.667
1306.800	250.000
1306.900	266.667
1307.000	270.000
1307.100	296.667
1307.200	326.667
1307.300	383.333
1307.400	436.667
1307.500	313.333
1307.600	366.667
1307.700	476.667
1307.800	443.333
1307.900	550.000
1308.000	406.667
1308.100	346.667
1308.200	360.000
1308.300	356.667
1308.400	320.000
1308.500	293.333
1308.600	326.667
1308.700	290.000
1308.800	233.333
1308.900	240.000
1309.000	323.333
1309.100	270.000
1309.200	280.000
1309.300	300.000
1309.400	296.667
1309.500	310.000
1309.600	356.667
1309.700	270.000
1309.800	983.333
1309.900	333.333
1310.000	380.000
1310.100	360.000
1310.200	460.000
1310.300	673.333
1310.400	1080.000
1310.500	1886.667
1310.600	4330.000
1310.700	7443.333
1310.800	5840.000
1310.900	2660.000
1311.000	1670.000
1311.100	2610.000
1311.200	2726.667
1311.300	1493.333
1311.400	673.333
1311.500	653.333
1311.600	680.000
1311.700	793.333
1311.800	883.333
1311.900	2850.000
1312.000	4340.000
1312.100	2723.333
1312.200	836.667
1312.300	353.333
1312.400	453.333
1312.500	373.333
1312.600	460.000
1312.700	490.000
1312.800	403.333
1312.900	456.667
1313.000	410.000
1313.100	473.333
1313.200	506.667
1313.300	653.333
1313.400	1090.000
1313.500	1790.000
1313.600	1700.000
1313.700	896.667
1313.800	773.333
1313.900	1676.667
1314.000	1826.667
1314.100	1253.333
1314.200	793.333
1314.300	866.667
1314.400	916.667
1314.500	1163.333
1314.600	1360.000
1314.700	1333.333
1314.800	2006.667
1314.900	2313.333
1315.000	3396.667
1315.100	4323.333
1315.200	3240.000
1315.300	1766.667
1315.400	1253.333
1315.500	1373.333
1315.600	2033.333
1315.700	3000.000
1315.800	4146.667
1315.900	4630.000
1316.000	2566.667
1316.100	3346.667
1316.200	4743.333
1316.300	3383.333
1316.400	2026.667
1316.500	1970.000
1316.600	4286.667
1316.700	6626.667
1316.800	4423.333
1316.900	2580.000
1317.000	1726.667
1317.100	1286.667
1317.200	1516.667
1317.300	1753.333
1317.400	1593.333
1317.500	1346.667
1317.600	1326.667
1317.700	1256.667
1317.800	963.333
1317.900	813.333
1318.000	1226.667
1318.100	1213.333
1318.200	1000.000
1318.300	1003.333
1318.400	1080.000
1318.500	1270.000
1318.600	1123.333
1318.700	1610.000
1318.800	1870.000
1318.900	1063.333
1319.000	913.333
1319.100	916.667
1319.200	1126.667
1319.300	1490.000
1319.400	1793.333
1319.500	1616.667
1319.600	1450.000
1319.700	1326.667
1319.800	1520.000
1319.900	1440.000
1320.000	1740.000
1320.100	2446.667
1320.200	3676.667
1320.300	3433.333
1320.400	2663.333
1320.500	1976.667
1320.600	1570.000
1320.700	1270.000
1320.800	1270.000
1320.900	866.667
1321.000	660.000
1321.100	730.000
1321.200	570.000
1321.300	576.667
1321.400	536.667
1321.500	630.000
1321.600	736.667
1321.700	916.667
1321.800	1046.667
1321.900	1206.667
1322.000	1013.333
1322.100	780.000
1322.200	776.667
1322.300	823.333
1322.400	816.667
1322.500	786.667
1322.600	633.333
1322.700	490.000
1322.800	456.667
1322.900	490.000
1323.000	400.000
1323.100	453.333
1323.200	460.000
1323.300	433.333
1323.400	360.000
1323.500	453.333
1323.600	440.000
1323.700	543.333
1323.800	513.333
1323.900	370.000
1324.000	323.333
1324.100	346.667
1324.200	413.333
1324.300	450.000
1324.400	473.333
1324.500	516.667
1324.600	540.000
1324.700	593.333
1324.800	446.667
1324.900	340.000
1325.000	263.333
1325.100	253.333
1325.200	240.000
