1309.000	223.333
1309.100	196.667
1309.200	210.000
1309.300	223.333
1309.400	206.667
1309.500	146.667
1309.600	166.667
1309.700	240.000
1309.800	213.333
1309.900	220.000
1310.000	220.000
1310.100	243.333
1310.200	240.000
1310.300	270.000
1310.400	236.667
1310.500	370.000
1310.600	900.000
1310.700	2193.333
1310.800	3486.667
1310.900	2830.000
1311.000	1506.667
1311.100	643.333
1311.200	600.000
1311.300	476.667
1311.400	376.667
1311.500	256.667
1311.600	233.333
1311.700	253.333
1311.800	216.667
1311.900	300.000
1312.000	736.667
1312.100	973.333
1312.200	983.333
1312.300	513.333
1312.400	243.333
1312.500	280.000
1312.600	283.333
1312.700	333.333
1312.800	323.333
1312.900	223.333
1313.000	230.000
1313.100	223.333
1313.200	233.333
1313.300	320.000
1313.400	400.000
1313.500	493.333
1313.600	613.333
1313.700	510.000
1313.800	310.000
1313.900	596.667
1314.000	846.667
1314.100	700.000
1314.200	426.667
1314.300	350.000
1314.400	380.000
1314.500	480.000
1314.600	713.333
1314.700	656.667
1314.800	846.667
1314.900	933.333
1315.000	1060.000
1315.100	1633.333
1315.200	2360.000
1315.300	1773.333
1315.400	1103.333
1315.500	770.000
1315.600	750.000
1315.700	1236.667
1315.800	2430.000
1315.900	4710.000
1316.000	4176.667
1316.100	2883.333
1316.200	3183.333
1316.300	3856.667
1316.400	3400.000
1316.500	1766.667
1316.600	1493.333
1316.700	4666.667
1316.800	10853.333
1316.900	8783.333
1317.000	4646.667
1317.100	1570.000
1317.200	1003.333
1317.300	1220.000
1317.400	1430.000
1317.500	1216.667
1317.600	1190.000
1317.700	1330.000
1317.800	1233.333
1317.900	846.667
1318.000	1010.000
1318.100	1616.667
1318.200	1770.000
1318.300	1956.667
1318.400	1956.667
1318.500	1986.667
1318.600	2116.667
1318.700	2433.333
1318.800	3963.333
1318.900	4810.000
1319.000	2976.667
1319.100	1700.000
1319.200	863.333
1319.300	1073.333
1319.400	1353.333
1319.500	1593.333
1319.600	1523.333
1319.700	1430.000
1319.800	1660.000
1319.900	2016.667
1320.000	1760.000
1320.100	1470.000
1320.200	1816.667
1320.300	3343.333
1320.400	3880.000
1320.500	3446.667
1320.600	2143.333
1320.700	1286.667
1320.800	1306.667
1320.900	1600.000
1321.000	1353.333
1321.100	1043.333
1321.200	663.333
1321.300	630.000
1321.400	510.000
1321.500	470.000
1321.600	556.667
1321.700	633.333
1321.800	750.000
1321.900	916.667
1322.000	920.000
1322.100	980.000
1322.200	1136.667
1322.300	1050.000
1322.400	1223.333
1322.500	1390.000
1322.600	1280.000
1322.700	853.333
1322.800	720.000
1322.900	553.333
1323.000	576.667
1323.100	566.667
1323.200	520.000
1323.300	520.000
1323.400	433.333
1323.500	430.000
1323.600	356.667
1323.700	400.000
1323.800	1030.000
1323.900	493.333
1324.000	416.667
1324.100	423.333
1324.200	423.333
1324.300	453.333
1324.400	536.667
1324.500	476.667
1324.600	486.667
1324.700	460.000
1324.800	403.333
1324.900	350.000
1325.000	340.000
1325.100	340.000
1325.200	296.667
1325.300	256.667
1325.400	233.333
1325.500	253.333
1325.600	183.333
1325.700	186.667
1325.800	200.000
1325.900	270.000
