1308.000	1553.333
1308.100	1826.667
1308.200	1666.667
1308.300	1220.000
1308.400	943.333
1308.500	793.333
1308.600	900.000
1308.700	1253.333
1308.800	1600.000
1308.900	1746.667
1309.000	1756.667
1309.100	1376.667
1309.200	1093.333
1309.300	1213.333
1309.400	1180.000
1309.500	1060.000
1309.600	1013.333
1309.700	973.333
1309.800	880.000
1309.900	853.333
1310.000	986.667
1310.100	1063.333
1310.200	863.333
1310.300	800.000
1310.400	1493.333
1310.500	2506.667
1310.600	3230.000
1310.700	2786.667
1310.800	2106.667
1310.900	1630.000
1311.000	1153.333
1311.100	933.333
1311.200	1026.667
1311.300	953.333
1311.400	1616.667
1311.500	2300.000
1311.600	2483.333
1311.700	1713.333
1311.800	1300.000
1311.900	1073.333
1312.000	1486.667
1312.100	1683.333
1312.200	1413.333
1312.300	1053.333
1312.400	730.000
1312.500	816.667
1312.600	1126.667
1312.700	1210.000
1312.800	1256.667
1312.900	1236.667
