1311.000	593.333
1311.100	710.000
1311.200	733.333
1311.300	590.000
1311.400	543.333
1311.500	473.333
1311.600	450.000
1311.700	480.000
1311.800	353.333
1311.900	606.667
1312.000	816.667
1312.100	1000.000
1312.200	1136.667
1312.300	853.333
1312.400	720.000
1312.500	600.000
1312.600	533.333
1312.700	543.333
1312.800	706.667
1312.900	730.000
1313.000	1050.000
1313.100	1253.333
1313.200	806.667
1313.300	646.667
1313.400	606.667
1313.500	593.333
1313.600	596.667
1313.700	763.333
1313.800	726.667
1313.900	586.667
1314.000	690.000
1314.100	883.333
1314.200	843.333
1314.300	516.667
1314.400	406.667
1314.500	536.667
1314.600	713.333
1314.700	896.667
1314.800	1556.667
1314.900	2186.667
1315.000	2390.000
1315.100	1393.333
1315.200	1266.667
1315.300	1256.667
1315.400	866.667
1315.500	543.333
1315.600	686.667
1315.700	653.333
1315.800	1540.000
1315.900	2336.667
1316.000	1313.333
1316.100	610.000
1316.200	640.000
1316.300	906.667
1316.400	1213.333
1316.500	1150.000
1316.600	726.667
1316.700	560.000
1316.800	530.000
1316.900	656.667
1317.000	740.000
1317.100	733.333
1317.200	586.667
1317.300	553.333
1317.400	1013.333
1317.500	1326.667
1317.600	1010.000
1317.700	763.333
1317.800	793.333
1317.900	893.333
1318.000	916.667
1318.100	596.667
1318.200	520.000
1318.300	490.000
1318.400	443.333
1318.500	523.333
1318.600	536.667
1318.700	636.667
1318.800	573.333
1318.900	576.667
