1308.000	556.667
1308.100	776.667
1308.200	966.667
1308.300	636.667
1308.400	623.333
1308.500	456.667
1308.600	593.333
1308.700	1070.000
1308.800	1656.667
1308.900	1866.667
1309.000	1603.333
1309.100	1280.000
1309.200	1046.667
1309.300	1620.000
1309.400	1850.000
1309.500	1776.667
1309.600	1353.333
1309.700	833.333
1309.800	686.667
1309.900	586.667
1310.000	680.000
1310.100	913.333
1310.200	673.333
1310.300	916.667
1310.400	1270.000
1310.500	1570.000
1310.600	2250.000
1310.700	2336.667
1310.800	1916.667
1310.900	1270.000
1311.000	880.000
1311.100	746.667
1311.200	646.667
1311.300	706.667
1311.400	1070.000
1311.500	1480.000
1311.600	2146.667
1311.700	1820.000
1311.800	1446.667
1311.900	866.667
1312.000	983.333
1312.100	1333.333
1312.200	1430.000
1312.300	1053.333
1312.400	873.333
1312.500	783.333
1312.600	790.000
1312.700	1096.667
1312.800	1126.667
1312.900	1180.000
1313.000	1136.667
1313.100	1233.333
1313.200	1296.667
1313.300	1323.333
1313.400	1276.667
1313.500	973.333
1313.600	843.333
1313.700	900.000
1313.800	1110.000
1313.900	940.000
1314.000	863.333
1314.100	853.333
1314.200	1180.000
1314.300	1533.333
1314.400	1430.000
1314.500	983.333
1314.600	890.000
1314.700	836.667
1314.800	856.667
1314.900	840.000
