1330.000	1136.667
1330.100	1063.333
1330.200	1116.667
1330.300	1373.333
1330.400	1440.000
1330.500	1356.667
1330.600	1220.000
1330.700	1176.667
1330.800	1110.000
1330.900	1033.333
1331.000	1070.000
1331.100	1000.000
1331.200	1116.667
1331.300	870.000
1331.400	1183.333
1331.500	1590.000
1331.600	1490.000
1331.700	1413.333
1331.800	1113.333
1331.900	906.667
1332.000	1063.333
1332.100	936.667
1332.200	1146.667
1332.300	1090.000
1332.400	1063.333
1332.500	986.667
1332.600	903.333
1332.700	1023.333
1332.800	1183.333
1332.900	1263.333
1333.000	1286.667
1333.100	1333.333
1333.200	1140.000
1333.300	1080.000
1333.400	1146.667
1333.500	1446.667
1333.600	1613.333
1333.700	1466.667
1333.800	1206.667
1333.900	1336.667
1334.000	1276.667
1334.100	1236.667
1334.200	1303.333
1334.300	1316.667
1334.400	1230.000
1334.500	1116.667
1334.600	1076.667
1334.700	1020.000
1334.800	1070.000
1334.900	1110.000
1335.000	1120.000
1335.100	1016.667
1335.200	946.667
1335.300	860.000
1335.400	943.333
1335.500	1063.333
1335.600	1110.000
1335.700	960.000
1335.800	880.000
1335.900	860.000
1336.000	916.667
1336.100	726.667
1336.200	870.000
1336.300	1043.333
1336.400	1106.667
1336.500	966.667
1336.600	833.333
1336.700	873.333
1336.800	1000.000
1336.900	1070.000
1337.000	1150.000
1337.100	953.333
1337.200	1026.667
1337.300	940.000
1337.400	780.000
1337.500	856.667
1337.600	773.333
1337.700	776.667
1337.800	873.333
1337.900	836.667
1338.000	710.000
1338.100	723.333
1338.200	690.000
1338.300	713.333
1338.400	816.667
1338.500	863.333
1338.600	836.667
1338.700	656.667
1338.800	656.667
1338.900	643.333
1339.000	693.333
1339.100	656.667
1339.200	600.000
1339.300	600.000
1339.400	656.667
1339.500	563.333
1339.600	613.333
1339.700	546.667
1339.800	630.000
1339.900	580.000
1340.000	543.333
1340.100	510.000
1340.200	483.333
1340.300	553.333
1340.400	370.000
1340.500	480.000
1340.600	463.333
1340.700	470.000
1340.800	393.333
1340.900	353.333
1341.000	430.000
1341.100	380.000
1341.200	390.000
1341.300	383.333
1341.400	393.333
1341.500	420.000
1341.600	370.000
1341.700	380.000
1341.800	363.333
1341.900	370.000
1342.000	336.667
1342.100	326.667
1342.200	373.333
1342.300	353.333
1342.400	336.667
1342.500	296.667
1342.600	296.667
1342.700	403.333
1342.800	360.000
1342.900	413.333
1343.000	273.333
1343.100	283.333
1343.200	240.000
1343.300	260.000
1343.400	273.333
1343.500	300.000
1343.600	276.667
1343.700	263.333
1343.800	346.667
1343.900	280.000
1344.000	300.000
1344.100	330.000
1344.200	266.667
1344.300	286.667
1344.400	266.667
1344.500	190.000
1344.600	243.333
1344.700	230.000
1344.800	230.000
1344.900	193.333
1345.000	203.333
1345.100	250.000
1345.200	190.000
1345.300	160.000
1345.400	200.000
1345.500	213.333
1345.600	156.667
1345.700	233.333
1345.800	230.000
1345.900	200.000
1346.000	213.333
1346.100	183.333
1346.200	3633.333
1346.300	170.000
1346.400	203.333
1346.500	196.667
1346.600	196.667
1346.700	180.000
1346.800	160.000
1346.900	213.333
1347.000	183.333
1347.100	180.000
1347.200	203.333
1347.300	203.333
1347.400	186.667
1347.500	216.667
1347.600	190.000
1347.700	156.667
1347.800	190.000
1347.900	170.000
1348.000	190.000
1348.100	116.667
1348.200	120.000
1348.300	143.333
1348.400	203.333
1348.500	183.333
1348.600	160.000
1348.700	190.000
1348.800	123.333
1348.900	136.667
1349.000	96.667
1349.100	176.667
1349.200	140.000
1349.300	163.333
1349.400	143.333
1349.500	130.000
1349.600	113.333
1349.700	116.667
1349.800	143.333
1349.900	136.667
