1310.000	666.667
1310.100	613.333
1310.200	693.333
1310.300	730.000
1310.400	613.333
1310.500	690.000
1310.600	576.667
1310.700	660.000
1310.800	543.333
1310.900	633.333
1311.000	600.000
1311.100	706.667
1311.200	830.000
1311.300	896.667
1311.400	873.333
1311.500	806.667
1311.600	653.333
1311.700	663.333
1311.800	700.000
1311.900	680.000
1312.000	540.000
1312.100	583.333
1312.200	483.333
1312.300	623.333
1312.400	663.333
1312.500	646.667
1312.600	596.667
1312.700	593.333
1312.800	600.000
1312.900	603.333
1313.000	620.000
1313.100	530.000
1313.200	563.333
1313.300	550.000
1313.400	483.333
1313.500	446.667
1313.600	546.667
1313.700	536.667
1313.800	410.000
1313.900	453.333
1314.000	413.333
1314.100	466.667
1314.200	420.000
1314.300	456.667
1314.400	490.000
1314.500	543.333
1314.600	556.667
1314.700	570.000
1314.800	476.667
1314.900	506.667
1315.000	550.000
1315.100	556.667
1315.200	513.333
1315.300	596.667
1315.400	526.667
1315.500	456.667
1315.600	456.667
1315.700	520.000
1315.800	613.333
1315.900	530.000
1316.000	483.333
1316.100	510.000
1316.200	443.333
1316.300	443.333
1316.400	516.667
1316.500	596.667
1316.600	533.333
1316.700	536.667
1316.800	580.000
1316.900	510.000
1317.000	526.667
1317.100	540.000
1317.200	540.000
1317.300	553.333
1317.400	570.000
1317.500	496.667
1317.600	446.667
1317.700	500.000
1317.800	533.333
1317.900	553.333
1318.000	553.333
1318.100	566.667
1318.200	406.667
1318.300	466.667
1318.400	463.333
1318.500	530.000
1318.600	553.333
1318.700	526.667
1318.800	576.667
1318.900	523.333
1319.000	600.000
1319.100	570.000
1319.200	560.000
1319.300	540.000
1319.400	500.000
1319.500	510.000
1319.600	500.000
1319.700	493.333
1319.800	596.667
1319.900	640.000
1320.000	566.667
1320.100	543.333
1320.200	630.000
1320.300	486.667
1320.400	546.667
1320.500	486.667
1320.600	553.333
1320.700	583.333
1320.800	550.000
1320.900	473.333
1321.000	510.000
1321.100	513.333
1321.200	403.333
1321.300	470.000
1321.400	480.000
1321.500	403.333
1321.600	403.333
1321.700	373.333
1321.800	403.333
1321.900	486.667
1322.000	420.000
1322.100	463.333
1322.200	403.333
1322.300	433.333
1322.400	343.333
1322.500	446.667
1322.600	390.000
1322.700	376.667
1322.800	386.667
1322.900	330.000
1323.000	356.667
1323.100	356.667
1323.200	450.000
1323.300	400.000
1323.400	480.000
1323.500	326.667
1323.600	343.333
1323.700	440.000
1323.800	410.000
1323.900	460.000
1324.000	420.000
1324.100	463.333
1324.200	400.000
1324.300	393.333
1324.400	430.000
1324.500	396.667
1324.600	413.333
1324.700	430.000
1324.800	430.000
1324.900	476.667
1325.000	406.667
1325.100	450.000
1325.200	423.333
1325.300	470.000
1325.400	516.667
1325.500	503.333
1325.600	1816.667
1325.700	770.000
1325.800	1036.667
1325.900	1140.000
1326.000	1060.000
1326.100	796.667
1326.200	563.333
1326.300	613.333
1326.400	840.000
1326.500	973.333
1326.600	1210.000
1326.700	1153.333
1326.800	1140.000
1326.900	1326.667
1327.000	1740.000
1327.100	1540.000
1327.200	1213.333
1327.300	713.333
1327.400	763.333
1327.500	650.000
1327.600	510.000
1327.700	570.000
1327.800	526.667
1327.900	456.667
1328.000	613.333
1328.100	583.333
1328.200	516.667
1328.300	446.667
1328.400	440.000
1328.500	526.667
1328.600	376.667
1328.700	466.667
1328.800	390.000
1328.900	453.333
1329.000	446.667
1329.100	413.333
1329.200	380.000
1329.300	460.000
1329.400	413.333
1329.500	450.000
1329.600	573.333
1329.700	406.667
1329.800	486.667
1329.900	476.667
1330.000	463.333
1330.100	516.667
1330.200	566.667
1330.300	563.333
1330.400	670.000
1330.500	753.333
1330.600	596.667
1330.700	616.667
1330.800	606.667
1330.900	520.000
1331.000	630.000
1331.100	1980.000
1331.200	643.333
1331.300	526.667
1331.400	620.000
1331.500	686.667
1331.600	920.000
1331.700	6283.333
1331.800	583.333
1331.900	576.667
1332.000	570.000
1332.100	600.000
1332.200	530.000
1332.300	606.667
1332.400	523.333
1332.500	516.667
1332.600	500.000
1332.700	623.333
1332.800	660.000
1332.900	640.000
1333.000	626.667
1333.100	743.333
1333.200	686.667
1333.300	676.667
1333.400	630.000
1333.500	763.333
1333.600	830.000
1333.700	860.000
1333.800	816.667
1333.900	703.333
1334.000	726.667
1334.100	686.667
1334.200	730.000
1334.300	703.333
1334.400	690.000
1334.500	530.000
1334.600	643.333
1334.700	616.667
1334.800	536.667
1334.900	600.000
1335.000	533.333
1335.100	593.333
1335.200	536.667
1335.300	430.000
1335.400	483.333
1335.500	593.333
1335.600	580.000
1335.700	570.000
1335.800	500.000
1335.900	510.000
1336.000	463.333
1336.100	533.333
1336.200	430.000
1336.300	556.667
1336.400	546.667
1336.500	640.000
1336.600	506.667
1336.700	513.333
1336.800	526.667
1336.900	640.000
1337.000	673.333
1337.100	666.667
1337.200	570.000
1337.300	546.667
1337.400	556.667
1337.500	516.667
1337.600	580.000
1337.700	620.000
1337.800	476.667
1337.900	513.333
1338.000	443.333
1338.100	393.333
1338.200	390.000
1338.300	1376.667
1338.400	1546.667
1338.500	480.000
1338.600	450.000
1338.700	403.333
1338.800	436.667
1338.900	336.667
1339.000	326.667
1339.100	373.333
1339.200	413.333
1339.300	336.667
1339.400	400.000
1339.500	426.667
1339.600	293.333
1339.700	356.667
1339.800	363.333
1339.900	366.667
1340.000	127940.000
1340.100	26830.000
1340.200	8496.667
1340.300	350.000
1340.400	306.667
1340.500	266.667
1340.600	6233.333
1340.700	320.000
1340.800	29730.000
1340.900	2596.667
1341.000	10086.667
1341.100	90256.667
1341.200	920.000
1341.300	330.000
1341.400	818883.333
1341.500	1231560.000
1341.600	275496.667
1341.700	246.667
1341.800	223.333
1341.900	276840.000
1342.000	884176.667
1342.100	5043.333
1342.200	863.333
1342.300	560.000
1342.400	316.667
1342.500	333.333
1342.600	4533.333
1342.700	33870.000
1342.800	250.000
1342.900	320.000
1343.000	180.000
1343.100	230.000
1343.200	206.667
1343.300	218336.667
1343.400	442373.333
1343.500	490913.333
1343.600	681690.000
1343.700	29896.667
1343.800	220.000
1343.900	230.000
1344.000	203.333
1344.100	490600.000
1344.200	310.000
1344.300	510.000
1344.400	220.000
1344.500	2330.000
1344.600	7186.667
1344.700	210.000
1344.800	8160.000
1344.900	110.000
1345.000	190.000
1345.100	156.667
1345.200	1060.000
1345.300	23270.000
1345.400	596213.333
1345.500	286.667
1345.600	122010.000
1345.700	21710.000
1345.800	178920.000
1345.900	213.333
1346.000	341380.000
1346.100	185853.333
1346.200	85463.333
1346.300	190.000
1346.400	123.333
1346.500	8523.333
1346.600	431013.333
1346.700	9560.000
1346.800	183.333
1346.900	180.000
1347.000	13286.667
1347.100	233.333
1347.200	183.333
1347.300	146.667
1347.400	136.667
1347.500	100.000
1347.600	106.667
1347.700	106.667
1347.800	173.333
1347.900	153.333
1348.000	146.667
1348.100	143.333
1348.200	143.333
1348.300	153.333
1348.400	106.667
1348.500	146.667
1348.600	106.667
1348.700	123.333
1348.800	123.333
1348.900	133.333
1349.000	93.333
1349.100	193.333
1349.200	196.667
1349.300	126.667
1349.400	116.667
1349.500	256.667
1349.600	356.667
1349.700	600.000
1349.800	80.000
1349.900	1013686.667
1350.000	779913.333
1350.100	93.333
1350.200	96.667
1350.300	12593.333
1350.400	1262620.000
1350.500	29390.000
1350.600	400.000
1350.700	513.333
1350.800	363.333
1350.900	8956.667
1351.000	263.333
1351.100	3456.667
1351.200	76.667
1351.300	90.000
1351.400	11543.333
1351.500	35600.000
1351.600	106.667
1351.700	11403.333
1351.800	981190.000
1351.900	1053066.667
1352.000	1224536.667
1352.100	312766.667
1352.200	302080.000
1352.300	80.000
1352.400	83.333
1352.500	70.000
1352.600	76.667
1352.700	106.667
1352.800	80.000
1352.900	12730.000
1353.000	76.667
1353.100	12760.000
1353.200	32763.333
1353.300	420.000
1353.400	213.333
1353.500	153.333
1353.600	146.667
1353.700	60.000
1353.800	110.000
1353.900	10673.333
1354.000	6130.000
1354.100	66.667
1354.200	103.333
