1310.000	1346.667
1310.100	1286.667
1310.200	1353.333
1310.300	1410.000
1310.400	1456.667
1310.500	1483.333
1310.600	1453.333
1310.700	1320.000
1310.800	1306.667
1310.900	1316.667
1311.000	1403.333
1311.100	1393.333
1311.200	1656.667
1311.300	1733.333
1311.400	1696.667
1311.500	1646.667
1311.600	1516.667
1311.700	1483.333
1311.800	1480.000
1311.900	1363.333
1312.000	1473.333
1312.100	1296.667
1312.200	1400.000
1312.300	1536.667
1312.400	1526.667
1312.500	1466.667
1312.600	1473.333
1312.700	1406.667
1312.800	1330.000
1312.900	1376.667
1313.000	1320.000
1313.100	1493.333
1313.200	1410.000
1313.300	1386.667
1313.400	1266.667
1313.500	1053.333
1313.600	1073.333
1313.700	1280.000
1313.800	1270.000
1313.900	1446.667
1314.000	1160.000
1314.100	1236.667
1314.200	1233.333
1314.300	1283.333
1314.400	1240.000
1314.500	1416.667
1314.600	1353.333
1314.700	1410.000
1314.800	3.333
1314.900	20.000
1315.000	20.000
1315.100	1050.000
1315.200	1363.333
1315.300	1293.333
1315.400	1340.000
1315.500	1316.667
1315.600	1216.667
1315.700	1453.333
1315.800	1436.667
1315.900	1500.000
1316.000	1490.000
1316.100	1283.333
1316.200	1396.667
1316.300	1336.667
1316.400	1393.333
1316.500	1476.667
1316.600	1430.000
1316.700	1350.000
1316.800	1346.667
1316.900	1433.333
1317.000	1410.000
1317.100	1463.333
1317.200	1426.667
1317.300	1520.000
1317.400	1426.667
1317.500	1303.333
1317.600	1376.667
1317.700	1456.667
1317.800	1403.333
1317.900	1403.333
1318.000	1240.000
1318.100	1200.000
1318.200	1350.000
1318.300	1390.000
1318.400	1310.000
1318.500	1356.667
1318.600	1453.333
1318.700	1456.667
1318.800	1546.667
1318.900	1443.333
1319.000	1426.667
1319.100	1493.333
1319.200	1323.333
1319.300	1440.000
1319.400	1440.000
1319.500	1483.333
1319.600	1483.333
1319.700	1396.667
1319.800	1540.000
1319.900	1563.333
1320.000	1560.000
1320.100	1366.667
1320.200	1366.667
1320.300	1300.000
1320.400	1456.667
1320.500	1483.333
1320.600	1483.333
1320.700	1423.333
1320.800	1400.000
1320.900	1326.667
1321.000	1170.000
1321.100	1263.333
1321.200	1283.333
1321.300	1236.667
1321.400	1230.000
1321.500	1100.000
1321.600	963.333
1321.700	1033.333
1321.800	1090.000
1321.900	1090.000
1322.000	1170.000
1322.100	1193.333
1322.200	1036.667
1322.300	1030.000
1322.400	1083.333
1322.500	1000.000
1322.600	1230.000
1322.700	1093.333
1322.800	1083.333
1322.900	1023.333
1323.000	973.333
1323.100	1046.667
1323.200	1136.667
1323.300	1113.333
1323.400	1113.333
1323.500	1040.000
1323.600	1063.333
1323.700	1073.333
1323.800	1066.667
1323.900	1183.333
1324.000	1123.333
1324.100	1263.333
1324.200	1136.667
1324.300	1170.000
1324.400	1083.333
1324.500	1120.000
1324.600	1103.333
1324.700	1146.667
1324.800	1166.667
1324.900	1140.000
1325.000	1143.333
1325.100	1080.000
1325.200	1186.667
1325.300	1236.667
1325.400	1156.667
1325.500	1460.000
1325.600	1266.667
1325.700	1586.667
1325.800	1956.667
1325.900	2240.000
1326.000	2010.000
1326.100	1720.000
1326.200	1363.333
1326.300	1410.000
1326.400	1463.333
1326.500	1876.667
1326.600	2256.667
1326.700	2270.000
1326.800	2086.667
1326.900	2510.000
1327.000	2986.667
1327.100	2566.667
1327.200	2250.000
1327.300	1636.667
1327.400	1496.667
1327.500	1443.333
1327.600	1143.333
1327.700	1153.333
1327.800	1173.333
1327.900	1260.000
1328.000	1283.333
1328.100	1386.667
1328.200	1243.333
1328.300	1153.333
1328.400	1223.333
1328.500	970.000
1328.600	1186.667
1328.700	1223.333
1328.800	1230.000
1328.900	1100.000
1329.000	1073.333
1329.100	1076.667
1329.200	1113.333
1329.300	1266.667
1329.400	1216.667
1329.500	1270.000
1329.600	1293.333
1329.700	1143.333
1329.800	1183.333
1329.900	1303.333
1330.000	1490.000
1330.100	1406.667
1330.200	1436.667
1330.300	1503.333
1330.400	1643.333
1330.500	1610.000
1330.600	1683.333
1330.700	1483.333
1330.800	1390.000
1330.900	1440.000
1331.000	1360.000
1331.100	1410.000
1331.200	1283.333
1331.300	1390.000
1331.400	1546.667
1331.500	1903.333
1331.600	1856.667
1331.700	1686.667
1331.800	1646.667
1331.900	1506.667
1332.000	1413.333
1332.100	1506.667
1332.200	1346.667
1332.300	1530.000
1332.400	1456.667
1332.500	1483.333
1332.600	1496.667
1332.700	1636.667
1332.800	1693.333
1332.900	1786.667
1333.000	1693.333
1333.100	1850.000
1333.200	1593.333
1333.300	1396.667
1333.400	1833.333
1333.500	1950.000
1333.600	2106.667
1333.700	2183.333
1333.800	1910.000
1333.900	1673.333
1334.000	1726.667
1334.100	1736.667
1334.200	1766.667
1334.300	1790.000
1334.400	1506.667
1334.500	1523.333
1334.600	1493.333
1334.700	1393.333
1334.800	1350.000
1334.900	1366.667
1335.000	1550.000
1335.100	1283.333
1335.200	1370.000
1335.300	1323.333
1335.400	1260.000
1335.500	1363.333
1335.600	1240.000
1335.700	1223.333
1335.800	1240.000
1335.900	1226.667
1336.000	1053.333
1336.100	1270.000
1336.200	1240.000
1336.300	1510.000
1336.400	1556.667
1336.500	1543.333
1336.600	1290.000
1336.700	1250.000
1336.800	1380.000
1336.900	1496.667
1337.000	1490.000
1337.100	1476.667
1337.200	1286.667
1337.300	1230.000
1337.400	1186.667
1337.500	1096.667
1337.600	1170.000
1337.700	1270.000
1337.800	1180.000
1337.900	1116.667
1338.000	973.333
1338.100	950.000
1338.200	1033.333
1338.300	996.667
1338.400	1136.667
1338.500	1220.000
1338.600	1206.667
1338.700	1106.667
1338.800	983.333
1338.900	826.667
1339.000	880.000
1339.100	956.667
1339.200	930.000
1339.300	990.000
1339.400	906.667
1339.500	773.333
1339.600	846.667
1339.700	806.667
1339.800	846.667
1339.900	776.667
1340.000	836.667
1340.100	626.667
1340.200	763.333
1340.300	723.333
1340.400	743.333
1340.500	763.333
1340.600	803.333
1340.700	813.333
1340.800	653.333
1340.900	620.000
1341.000	706.667
1341.100	626.667
1341.200	710.000
1341.300	663.333
1341.400	766.667
1341.500	680.000
1341.600	643.333
1341.700	580.000
1341.800	586.667
1341.900	676.667
1342.000	666.667
1342.100	650.000
1342.200	623.333
1342.300	613.333
1342.400	566.667
1342.500	520.000
1342.600	613.333
1342.700	766.667
1342.800	756.667
1342.900	610.000
1343.000	623.333
1343.100	470.000
1343.200	560.000
1343.300	606.667
1343.400	516.667
1343.500	576.667
1343.600	643.333
1343.700	546.667
1343.800	540.000
1343.900	590.000
1344.000	600.000
1344.100	596.667
1344.200	586.667
1344.300	1293.333
1344.400	516.667
1344.500	476.667
1344.600	433.333
1344.700	533.333
1344.800	376.667
1344.900	446.667
1345.000	476.667
1345.100	486.667
1345.200	476.667
1345.300	430.000
1345.400	446.667
1345.500	433.333
1345.600	423.333
1345.700	480.000
1345.800	406.667
1345.900	413.333
1346.000	460.000
1346.100	453.333
1346.200	410.000
1346.300	423.333
1346.400	416.667
1346.500	483.333
1346.600	376.667
1346.700	383.333
1346.800	393.333
1346.900	346.667
1347.000	370.000
1347.100	403.333
1347.200	476.667
1347.300	403.333
1347.400	360.000
1347.500	426.667
1347.600	373.333
1347.700	403.333
1347.800	396.667
1347.900	430.000
1348.000	366.667
1348.100	376.667
1348.200	386.667
1348.300	310.000
1348.400	406.667
1348.500	316.667
1348.600	310.000
1348.700	336.667
1348.800	313.333
1348.900	313.333
1349.000	310.000
1349.100	323.333
1349.200	323.333
1349.300	320.000
1349.400	326.667
1349.500	230.000
1349.600	270.000
1349.700	223.333
1349.800	243.333
1349.900	263.333
1350.000	216.667
1350.100	280.000
1350.200	263.333
1350.300	243.333
1350.400	283.333
1350.500	203.333
1350.600	190.000
1350.700	230.000
1350.800	270.000
1350.900	213.333
1351.000	180.000
1351.100	163.333
1351.200	220.000
1351.300	143.333
1351.400	230.000
1351.500	210.000
1351.600	196.667
1351.700	190.000
1351.800	136.667
1351.900	176.667
1352.000	140.000
1352.100	150.000
1352.200	156.667
1352.300	193.333
1352.400	153.333
1352.500	176.667
1352.600	116.667
1352.700	166.667
1352.800	173.333
1352.900	180.000
1353.000	136.667
1353.100	136.667
1353.200	136.667
1353.300	193.333
1353.400	160.000
1353.500	156.667
1353.600	136.667
1353.700	186.667
1353.800	153.333
1353.900	136.667
1354.000	130.000
1354.100	113.333
1354.200	173.333
1354.300	136.667
1354.400	173.333
1354.500	156.667
1354.600	126.667
1354.700	76.667
1354.800	110.000
1354.900	126.667
