1355.000	110.000
1355.100	90.000
1355.200	120.000
1355.300	110.000
1355.400	143.333
1355.500	86.667
1355.600	110.000
1355.700	63.333
1355.800	90.000
1355.900	126.667
1356.000	96.667
1356.100	116.667
1356.200	113.333
1356.300	106.667
1356.400	73.333
1356.500	116.667
1356.600	103.333
1356.700	83.333
1356.800	130.000
1356.900	60.000
1357.000	70.000
1357.100	96.667
1357.200	70.000
1357.300	80.000
1357.400	93.333
1357.500	56.667
1357.600	60.000
1357.700	56.667
1357.800	63.333
1357.900	43.333
1358.000	66.667
1358.100	73.333
1358.200	60.000
1358.300	50.000
1358.400	86.667
1358.500	73.333
1358.600	110.000
1358.700	53.333
1358.800	83.333
1358.900	66.667
1359.000	66.667
1359.100	70.000
1359.200	93.333
1359.300	50.000
1359.400	60.000
1359.500	46.667
1359.600	100.000
1359.700	86.667
1359.800	73.333
1359.900	53.333
1360.000	93.333
1360.100	70.000
1360.200	66.667
1360.300	73.333
1360.400	60.000
1360.500	60.000
1360.600	46.667
1360.700	43.333
1360.800	63.333
1360.900	36.667
1361.000	53.333
1361.100	33.333
1361.200	16.667
1361.300	53.333
1361.400	46.667
1361.500	46.667
1361.600	40.000
1361.700	56.667
1361.800	53.333
1361.900	20.000
1362.000	60.000
1362.100	33.333
1362.200	26.667
1362.300	26.667
1362.400	26.667
1362.500	53.333
1362.600	60.000
1362.700	50.000
1362.800	53.333
1362.900	50.000
1363.000	50.000
1363.100	73.333
1363.200	40.000
1363.300	70.000
1363.400	46.667
1363.500	73.333
1363.600	26.667
1363.700	50.000
1363.800	33.333
1363.900	40.000
1364.000	33.333
1364.100	46.667
1364.200	66.667
1364.300	33.333
1364.400	80.000
1364.500	30.000
1364.600	40.000
1364.700	46.667
1364.800	63.333
1364.900	56.667
1365.000	50.000
1365.100	46.667
1365.200	33.333
1365.300	46.667
1365.400	46.667
1365.500	36.667
1365.600	36.667
1365.700	40.000
1365.800	43.333
1365.900	43.333
1366.000	56.667
1366.100	40.000
1366.200	30.000
1366.300	43.333
1366.400	30.000
1366.500	36.667
1366.600	50.000
1366.700	76.667
1366.800	50.000
1366.900	36.667
1367.000	30.000
1367.100	50.000
1367.200	60.000
1367.300	46.667
1367.400	23.333
1367.500	50.000
1367.600	36.667
1367.700	50.000
1367.800	33.333
1367.900	23.333
1368.000	46.667
1368.100	53.333
1368.200	43.333
1368.300	56.667
1368.400	43.333
1368.500	46.667
1368.600	70.000
1368.700	43.333
1368.800	56.667
1368.900	26.667
1369.000	40.000
1369.100	60.000
1369.200	60.000
1369.300	30.000
1369.400	36.667
1369.500	50.000
1369.600	26.667
1369.700	30.000
1369.800	40.000
1369.900	26.667
1370.000	36.667
1370.100	36.667
1370.200	23.333
1370.300	53.333
1370.400	36.667
1370.500	40.000
1370.600	40.000
1370.700	30.000
1370.800	30.000
1370.900	56.667
1371.000	40.000
1371.100	43.333
1371.200	30.000
1371.300	70.000
1371.400	46.667
1371.500	16.667
1371.600	26.667
1371.700	13.333
1371.800	36.667
1371.900	26.667
1372.000	33.333
1372.100	50.000
1372.200	33.333
1372.300	50.000
1372.400	23.333
1372.500	43.333
1372.600	43.333
1372.700	26.667
1372.800	23.333
1372.900	23.333
1373.000	60.000
1373.100	20.000
1373.200	36.667
1373.300	23.333
1373.400	23.333
1373.500	23.333
1373.600	43.333
1373.700	33.333
1373.800	43.333
1373.900	26.667
1374.000	43.333
1374.100	16.667
1374.200	26.667
1374.300	56.667
1374.400	46.667
1374.500	33.333
1374.600	23.333
1374.700	23.333
1374.800	26.667
1374.900	30.000
1375.000	33.333
1375.100	23.333
1375.200	36.667
1375.300	30.000
1375.400	56.667
1375.500	33.333
1375.600	36.667
1375.700	36.667
1375.800	40.000
1375.900	23.333
1376.000	40.000
1376.100	50.000
1376.200	50.000
1376.300	6.667
1376.400	53.333
1376.500	60.000
1376.600	36.667
1376.700	33.333
1376.800	23.333
1376.900	43.333
1377.000	33.333
1377.100	30.000
1377.200	23.333
1377.300	26.667
1377.400	20.000
1377.500	33.333
1377.600	16.667
1377.700	30.000
1377.800	26.667
1377.900	16.667
1378.000	36.667
1378.100	16.667
