1325.000	483.333
1325.100	496.667
1325.200	436.667
1325.300	510.000
1325.400	500.000
1325.500	570.000
1325.600	553.333
1325.700	730.000
1325.800	996.667
1325.900	1060.000
1326.000	996.667
1326.100	873.333
1326.200	706.667
1326.300	733.333
1326.400	790.000
1326.500	1003.333
1326.600	1306.667
1326.700	1076.667
1326.800	1183.333
1326.900	1460.000
1327.000	1793.333
1327.100	1580.000
1327.200	1153.333
1327.300	750.000
1327.400	670.000
1327.500	570.000
1327.600	583.333
1327.700	553.333
1327.800	510.000
1327.900	493.333
1328.000	573.333
1328.100	646.667
1328.200	546.667
1328.300	513.333
1328.400	470.000
1328.500	506.667
1328.600	426.667
1328.700	513.333
1328.800	450.000
1328.900	523.333
1329.000	506.667
1329.100	473.333
1329.200	520.000
1329.300	530.000
1329.400	550.000
1329.500	513.333
1329.600	510.000
1329.700	446.667
1329.800	460.000
1329.900	606.667
1330.000	503.333
1330.100	550.000
1330.200	563.333
1330.300	613.333
1330.400	740.000
1330.500	660.000
1330.600	680.000
1330.700	626.667
1330.800	643.333
1330.900	606.667
1331.000	520.000
1331.100	580.000
1331.200	563.333
1331.300	596.667
1331.400	610.000
1331.500	750.000
1331.600	753.333
1331.700	683.333
1331.800	586.667
1331.900	543.333
1332.000	516.667
1332.100	590.000
1332.200	606.667
1332.300	570.000
1332.400	580.000
1332.500	676.667
1332.600	570.000
1332.700	560.000
1332.800	646.667
1332.900	710.000
1333.000	746.667
1333.100	710.000
1333.200	670.000
1333.300	666.667
1333.400	696.667
1333.500	900.000
1333.600	1000.000
1333.700	893.333
1333.800	873.333
1333.900	700.000
1334.000	726.667
1334.100	733.333
1334.200	756.667
1334.300	766.667
1334.400	710.000
1334.500	650.000
1334.600	683.333
1334.700	656.667
1334.800	590.000
1334.900	636.667
1335.000	590.000
1335.100	653.333
1335.200	490.000
1335.300	470.000
1335.400	566.667
1335.500	530.000
1335.600	603.333
1335.700	596.667
1335.800	496.667
1335.900	476.667
1336.000	503.333
1336.100	440.000
1336.200	520.000
1336.300	510.000
1336.400	566.667
1336.500	546.667
1336.600	573.333
1336.700	500.000
1336.800	560.000
1336.900	640.000
1337.000	710.000
1337.100	620.000
1337.200	573.333
1337.300	520.000
1337.400	473.333
1337.500	500.000
1337.600	450.000
1337.700	456.667
1337.800	550.000
1337.900	400.000
1338.000	393.333
1338.100	370.000
1338.200	376.667
1338.300	496.667
1338.400	390.000
1338.500	470.000
1338.600	330.000
1338.700	440.000
1338.800	330.000
1338.900	323.333
1339.000	370.000
1339.100	293.333
1339.200	413.333
1339.300	3693.333
1339.400	363.333
1339.500	376.667
1339.600	363.333
1339.700	333.333
1339.800	350.000
1339.900	353.333
1340.000	333.333
1340.100	296.667
1340.200	316.667
1340.300	330.000
1340.400	320.000
1340.500	296.667
1340.600	273.333
1340.700	286.667
1340.800	356.667
1340.900	323.333
1341.000	313.333
1341.100	336.667
1341.200	460.000
1341.300	526.667
1341.400	503.333
1341.500	403.333
1341.600	343.333
1341.700	243.333
1341.800	263.333
1341.900	260.000
1342.000	236.667
1342.100	253.333
1342.200	236.667
1342.300	246.667
1342.400	253.333
1342.500	266.667
1342.600	213.333
1342.700	313.333
1342.800	270.000
1342.900	280.000
1343.000	260.000
1343.100	180.000
1343.200	200.000
1343.300	213.333
1343.400	216.667
1343.500	250.000
1343.600	280.000
1343.700	206.667
1343.800	193.333
1343.900	216.667
1344.000	203.333
1344.100	200.000
1344.200	243.333
1344.300	186.667
1344.400	220.000
1344.500	163.333
1344.600	196.667
1344.700	180.000
1344.800	176.667
1344.900	143.333
1345.000	193.333
1345.100	213.333
1345.200	153.333
1345.300	143.333
1345.400	143.333
1345.500	160.000
1345.600	160.000
1345.700	183.333
1345.800	48386.667
1345.900	830.000
1346.000	180.000
1346.100	166.667
1346.200	166.667
1346.300	160.000
1346.400	210.000
1346.500	143.333
1346.600	196.667
1346.700	160.000
1346.800	140.000
1346.900	120.000
1347.000	156.667
1347.100	200.000
1347.200	186.667
1347.300	196.667
1347.400	166.667
1347.500	156.667
1347.600	146.667
1347.700	166.667
1347.800	120.000
1347.900	210.000
1348.000	143.333
1348.100	153.333
1348.200	143.333
1348.300	153.333
1348.400	160.000
1348.500	143.333
1348.600	150.000
1348.700	120.000
1348.800	143.333
1348.900	96.667
1349.000	123.333
1349.100	120.000
1349.200	156.667
1349.300	156.667
1349.400	140.000
1349.500	143.333
1349.600	130.000
1349.700	140.000
1349.800	83.333
1349.900	86.667
1350.000	123.333
1350.100	113.333
1350.200	96.667
1350.300	126.667
1350.400	100.000
1350.500	110.000
1350.600	113.333
1350.700	113.333
1350.800	130.000
1350.900	966.667
1351.000	96.667
1351.100	100.000
1351.200	80.000
1351.300	126.667
1351.400	130.000
1351.500	83.333
1351.600	90.000
1351.700	73.333
1351.800	106.667
1351.900	93.333
1352.000	93.333
1352.100	103.333
1352.200	76.667
1352.300	90.000
1352.400	53.333
1352.500	53.333
1352.600	93.333
1352.700	90.000
1352.800	100.000
1352.900	83.333
1353.000	120.000
1353.100	83.333
1353.200	83.333
1353.300	53.333
1353.400	116.667
1353.500	83.333
1353.600	110.000
1353.700	76.667
1353.800	80.000
1353.900	73.333
1354.000	80.000
1354.100	63.333
1354.200	63.333
1354.300	90.000
1354.400	73.333
1354.500	76.667
1354.600	56.667
1354.700	53.333
1354.800	66.667
1354.900	63.333
1355.000	56.667
1355.100	80.000
1355.200	43.333
1355.300	63.333
1355.400	70.000
1355.500	60.000
1355.600	66.667
1355.700	60.000
1355.800	53.333
1355.900	70.000
1356.000	80.000
1356.100	63.333
1356.200	53.333
1356.300	896.667
1356.400	46.667
1356.500	50.000
1356.600	66.667
1356.700	66.667
1356.800	73.333
1356.900	66.667
1357.000	56.667
1357.100	46.667
1357.200	56.667
1357.300	70.000
1357.400	66.667
1357.500	66.667
1357.600	73.333
1357.700	60.000
1357.800	66.667
1357.900	63.333
1358.000	36.667
1358.100	56.667
1358.200	33.333
1358.300	33.333
1358.400	53.333
1358.500	53.333
1358.600	36.667
1358.700	70.000
1358.800	73.333
1358.900	33.333
1359.000	50.000
1359.100	50.000
1359.200	70.000
1359.300	73.333
1359.400	40.000
1359.500	76.667
1359.600	46.667
1359.700	56.667
1359.800	33.333
1359.900	53.333
