1315.000	576.667
1315.100	580.000
1315.200	520.000
1315.300	593.333
1315.400	606.667
1315.500	660.000
1315.600	676.667
1315.700	753.333
1315.800	653.333
1315.900	526.667
1316.000	553.333
1316.100	553.333
1316.200	690.000
1316.300	596.667
1316.400	573.333
1316.500	603.333
1316.600	633.333
1316.700	563.333
1316.800	590.000
1316.900	550.000
1317.000	553.333
1317.100	553.333
1317.200	583.333
1317.300	516.667
1317.400	456.667
1317.500	456.667
1317.600	493.333
1317.700	556.667
1317.800	393.333
1317.900	453.333
1318.000	430.000
1318.100	513.333
1318.200	470.000
1318.300	533.333
1318.400	406.667
1318.500	390.000
1318.600	480.000
1318.700	413.333
1318.800	383.333
1318.900	393.333
1319.000	466.667
1319.100	433.333
1319.200	370.000
1319.300	453.333
1319.400	316.667
1319.500	373.333
1319.600	430.000
1319.700	413.333
1319.800	410.000
1319.900	473.333
1320.000	403.333
1320.100	363.333
1320.200	390.000
1320.300	433.333
1320.400	406.667
1320.500	380.000
1320.600	366.667
1320.700	386.667
1320.800	396.667
1320.900	393.333
1321.000	393.333
1321.100	330.000
1321.200	426.667
1321.300	380.000
1321.400	386.667
1321.500	443.333
1321.600	483.333
1321.700	630.000
1321.800	666.667
1321.900	553.333
1322.000	490.000
1322.100	403.333
1322.200	386.667
1322.300	403.333
1322.400	526.667
1322.500	673.333
1322.600	656.667
1322.700	553.333
1322.800	570.000
1322.900	736.667
1323.000	953.333
1323.100	660.000
1323.200	503.333
1323.300	436.667
1323.400	366.667
1323.500	373.333
1323.600	296.667
1323.700	260.000
1323.800	286.667
1323.900	323.333
1324.000	300.000
1324.100	360.000
1324.200	320.000
1324.300	266.667
1324.400	286.667
1324.500	246.667
1324.600	343.333
1324.700	310.000
1324.800	306.667
1324.900	316.667
1325.000	300.000
1325.100	306.667
1325.200	306.667
1325.300	316.667
1325.400	326.667
1325.500	340.000
1325.600	260.000
1325.700	330.000
1325.800	316.667
1325.900	330.000
1326.000	333.333
1326.100	283.333
1326.200	316.667
1326.300	363.333
1326.400	310.000
