1310.000	943.333
1310.150	843.333
1310.300	836.667
1310.450	743.333
1310.600	773.333
1310.750	916.667
1310.900	1040.000
1311.050	816.667
1311.200	766.667
1311.350	820.000
1311.500	780.000
1311.650	760.000
1311.800	790.000
1311.950	860.000
1312.100	806.667
1312.250	743.333
1312.400	770.000
1312.550	723.333
1312.700	823.333
1312.850	940.000
1313.000	820.000
1313.150	776.667
1313.300	640.000
1313.450	693.333
1313.600	826.667
1313.750	853.333
1313.900	776.667
1314.050	843.333
1314.200	1020.000
1314.350	926.667
1314.500	840.000
1314.650	963.333
1314.800	1280.000
1314.950	1753.333
1315.100	2460.000
1315.250	1600.000
1315.400	1583.333
1315.550	1920.000
1315.700	1266.667
1315.850	1076.667
1316.000	1210.000
1316.150	1376.667
1316.300	1466.667
1316.450	1200.000
1316.600	1236.667
1316.750	1343.333
1316.900	1580.000
1317.050	1930.000
1317.200	1413.333
1317.350	1313.333
1317.500	1560.000
1317.650	1630.000
1317.800	1733.333
1317.950	1493.333
1318.100	1366.667
1318.250	1740.000
1318.400	1893.333
1318.550	1853.333
1318.700	1850.000
1318.850	1493.333
1319.000	1360.000
1319.150	1526.667
1319.300	1446.667
1319.450	1393.333
1319.600	1563.333
1319.750	1696.667
1319.900	1793.333
1320.050	1633.333
1320.200	1740.000
1320.350	1520.000
1320.500	1866.667
1320.650	1706.667
1320.800	1556.667
1320.950	1526.667
1321.100	1796.667
1321.250	1823.333
1321.400	1733.333
1321.550	1853.333
1321.700	1920.000
1321.850	1980.000
1322.000	1810.000
1322.150	1893.333
1322.300	1810.000
1322.450	1696.667
