1310.000	1873.333
1310.150	1753.333
1310.300	1783.333
1310.450	1646.667
1310.600	1613.333
1310.750	1626.667
1310.900	1603.333
1311.050	1306.667
1311.200	1660.000
1311.350	1413.333
1311.500	1506.667
1311.650	1563.333
1311.800	1486.667
1311.950	1366.667
1312.100	1423.333
1312.250	1256.667
1312.400	1336.667
1312.550	1530.000
1312.700	1173.333
1312.850	1370.000
1313.000	1240.000
1313.150	1276.667
1313.300	1140.000
1313.450	1283.333
1313.600	1210.000
1313.750	1256.667
1313.900	1223.333
1314.050	1313.333
1314.200	990.000
1314.350	1146.667
1314.500	1166.667
1314.650	1130.000
1314.800	1050.000
1314.950	1236.667
1315.100	1066.667
1315.250	1073.333
1315.400	1046.667
1315.550	1010.000
1315.700	930.000
1315.850	1106.667
1316.000	960.000
1316.150	883.333
1316.300	870.000
1316.450	1003.333
1316.600	943.333
1316.750	943.333
1316.900	850.000
1317.050	940.000
1317.200	1036.667
1317.350	1083.333
1317.500	986.667
1317.650	1016.667
1317.800	1173.333
1317.950	1330.000
1318.100	1230.000
1318.250	1266.667
1318.400	1546.667
1318.550	1466.667
1318.700	1526.667
1318.850	1446.667
1319.000	2126.667
1319.150	2930.000
1319.300	3746.667
1319.450	3556.667
1319.600	2833.333
1319.750	2926.667
1319.900	2040.000
1320.050	1796.667
1320.200	1980.000
1320.350	2073.333
1320.500	2343.333
1320.650	2046.667
1320.800	2186.667
1320.950	2163.333
1321.100	2616.667
1321.250	3233.333
1321.400	2850.000
1321.550	2606.667
1321.700	2610.000
1321.850	2506.667
1322.000	2303.333
1322.150	2053.333
1322.300	2053.333
1322.450	2486.667
1322.600	2683.333
1322.750	2383.333
1322.900	2146.667
1323.050	1960.000
1323.200	2110.000
1323.350	2000.000
1323.500	2216.667
1323.650	2166.667
1323.800	2430.000
1323.950	2626.667
1324.100	2770.000
1324.250	2470.000
1324.400	2420.000
1324.550	2720.000
1324.700	2696.667
1324.850	2646.667
