0001:AREA1:1-Channel(X)	0001:AREA1:1-Channel(Y)
1244.075	25719
1244.297	25824
1244.52	25668
1244.743	25993
1244.965	25714
1245.188	25817
1245.411	25717
1245.633	25784
1245.856	25940
1246.078	25937
1246.301	25888
1246.523	26024
1246.746	25823
1246.968	26081
1247.191	26086
1247.413	25958
1247.635	25738
1247.858	26022
1248.08	26179
1248.302	26081
1248.524	25974
1248.747	26118
1248.969	26043
1249.191	26223
1249.413	26232
1249.635	26143
1249.857	26080
1250.079	26264
1250.301	26162
1250.523	26395
1250.745	26204
1250.967	26263
1251.189	26194
1251.411	26264
1251.633	26084
1251.855	26190
1252.077	26270
1252.298	26409
1252.52	26247
1252.742	26549
1252.964	26356
1253.185	26386
1253.407	26134
1253.629	26530
1253.85	26392
1254.072	26335
1254.293	26230
1254.515	26294
1254.736	26162
1254.958	26236
1255.179	26201
1255.401	26203
1255.622	26302
1255.843	26592
1256.065	26506
1256.286	26493
1256.507	26384
1256.729	26462
1256.95	26233
1257.171	26542
1257.392	26454
1257.614	26479
1257.835	26479
1258.056	26714
1258.277	26449
1258.498	26431
1258.719	26418
1258.94	26347
1259.161	26383
1259.382	26732
1259.603	26580
1259.824	26489
1260.045	26478
1260.265	26574
1260.486	26395
1260.707	26753
1260.928	26638
1261.149	26380
1261.369	26145
1261.59	26266
1261.811	26221
1262.031	26201
1262.252	26081
1262.472	26020
1262.693	26260
1262.913	26652
1263.134	26060
1263.354	25696
1263.575	25849
1263.795	26618
1264.016	26739
1264.236	25903
1264.456	25595
1264.677	25637
1264.897	25357
1265.117	25465
1265.337	25481
1265.558	25358
1265.778	25264
1265.998	25388
1266.218	25231
1266.438	25695
1266.658	25933
1266.878	26169
1267.098	26476
1267.318	26016
1267.538	25240
1267.758	25353
1267.978	25442
1268.198	25399
1268.418	25340
1268.638	25055
1268.857	24845
1269.077	24959
1269.297	24881
1269.517	24879
1269.736	24953
1269.956	25014
1270.176	24808
1270.395	24859
1270.615	24555
1270.834	24785
1271.054	24972
1271.273	25115
1271.493	24893
1271.712	25352
1271.932	26014
1272.151	25534
1272.37	25276
1272.59	25692
1272.809	25032
1273.028	24956
1273.247	25040
1273.467	25050
1273.686	24859
1273.905	24859
1274.124	25108
1274.343	25045
1274.562	25024
1274.781	25071
1275	24979
1275.219	24832
1275.438	25326
1275.657	25676
1275.876	25853
1276.095	25397
1276.314	25076
1276.533	24770
1276.752	24665
1276.97	24740
1277.189	25102
1277.408	25517
1277.627	24570
1277.845	24365
1278.064	24229
1278.283	24207
1278.501	24124
1278.72	24421
1278.938	24214
1279.157	24431
1279.375	24479
1279.594	25301
1279.812	25764
1280.03	24871
1280.249	24023
1280.467	24003
1280.685	24367
1280.904	24333
1281.122	23814
1281.34	24039
1281.558	23812
1281.776	24047
1281.995	23562
1282.213	23663
1282.431	23867
1282.649	23825
1282.867	23478
1283.085	23467
1283.303	23167
1283.521	22949
1283.739	22861
1283.957	22926
1284.174	23001
1284.392	23095
1284.61	22589
1284.828	22654
1285.046	22337
1285.263	22399
1285.481	22594
1285.699	22741
1285.916	22712
1286.134	23621
1286.351	23483
1286.569	22883
1286.786	22390
1287.004	22527
1287.221	22476
1287.439	22639
1287.656	22422
1287.874	22666
1288.091	22707
1288.308	22956
1288.526	22793
1288.743	22594
1288.96	23051
1289.177	23487
1289.394	24556
1289.612	23542
1289.829	22212
1290.046	22434
1290.263	22369
1290.48	22295
1290.697	22146
1290.914	22156
1291.131	22101
1291.348	22329
1291.565	24637
1291.781	26071
1291.998	25547
1292.215	23620
1292.432	22203
1292.649	21866
1292.865	22018
1293.082	22364
1293.299	22093
1293.515	21343
1293.732	21226
1293.948	21089
1294.165	21129
1294.381	21713
1294.598	22584
1294.814	21879
1295.031	21255
1295.247	21304
1295.464	20946
1295.68	21107
1295.896	21051
1296.113	21206
1296.329	20834
1296.545	20440
1296.761	20385
1296.977	21144
1297.193	21051
1297.41	20654
1297.626	20275
1297.842	19878
1298.058	19734
1298.274	19865
1298.49	19624
1298.706	19667
1298.922	19725
1299.137	19425
1299.353	19478
1299.569	19308
1299.785	19291
1300.001	19308
1300.216	19484
1300.432	19420
1300.648	19221
1300.863	19331
1301.079	19252
1301.295	19224
1301.51	19060
1301.726	19155
1301.941	19226
1302.157	19441
1302.372	19184
1302.587	18960
1302.803	19094
1303.018	19265
1303.233	19394
1303.449	19465
1303.664	19135
1303.879	18963
1304.094	18969
1304.31	19191
1304.525	19375
1304.74	18959
1304.955	19055
1305.17	18947
1305.385	18706
1305.6	18623
1305.815	18845
1306.03	18742
1306.245	19037
1306.46	18920
1306.675	18802
1306.889	18725
1307.104	18504
1307.319	18405
1307.534	18331
1307.748	18400
1307.963	18174
1308.178	18219
1308.392	18157
1308.607	17957
1308.821	18339
1309.036	18217
1309.25	18078
1309.465	18208
1309.679	18023
1309.894	18413
1310.108	18271
1310.322	18159
1310.537	18070
1310.751	18108
1310.965	17915
1311.179	18087
1311.394	17841
1311.608	18068
1311.822	18135
1312.036	18015
1312.25	17902
1312.464	17969
1312.678	18048
1312.892	18193
1313.106	18270
1313.32	18250
1313.534	18363
1313.748	18646
1313.962	19024
1314.175	19474
1314.389	20217
1314.603	20816
1314.817	20476
1315.03	20544
1315.244	20948
1315.457	22945
1315.671	24187
1315.885	23051
1316.098	21058
1316.312	20777
1316.525	22023
1316.739	22490
1316.952	21620
1317.165	21695
1317.379	22922
1317.592	23829
1317.805	23899
1318.019	22882
1318.232	21241
1318.445	21087
1318.658	22098
1318.871	22184
1319.084	21425
1319.297	20637
1319.511	20655
1319.724	21204
1319.937	22092
1320.149	26012
1320.362	24007
1320.575	21417
1320.788	21097
1321.001	21429
1321.214	23635
1321.427	23236
1321.639	21387
1321.852	21207
1322.065	21958
1322.277	22060
1322.49	21630
1322.703	21159
1322.915	21565
1323.128	21886
1323.34	20884
1323.553	20760
1323.765	20884
1323.977	20407
1324.19	20196
1324.402	20133
1324.614	20448
1324.827	20825
1325.039	20694
1325.251	20090
1325.463	19398
1325.676	19482
1325.888	20450
1326.1	20032
1326.312	19773
1326.524	19503
1326.736	19968
1326.948	20053
1327.16	19414
1327.372	19158
1327.584	19189
1327.795	19216
1328.007	19543
1328.219	19564
1328.431	19279
1328.642	19211
1328.854	19122
1329.066	19103
1329.277	19525
1329.489	20119
1329.701	20355
1329.912	20062
1330.124	20119
1330.335	21277
1330.547	20019
1330.758	19374
1330.969	19238
1331.181	18890
1331.392	18978
1331.603	19098
1331.815	19083
1332.026	19033
1332.237	18960
1332.448	18501
1332.659	18245
1332.87	18239
1333.082	18132
1333.293	18222
1333.504	18283
1333.715	17963
1333.925	18057
1334.136	17888
1334.347	17861
1334.558	17886
1334.769	17655
1334.98	17614
1335.191	17532
1335.401	17441
1335.612	17466
1335.823	17556
1336.033	17329
1336.244	17426
1336.454	17160
1336.665	17050
1336.875	17178
1337.086	17105
1337.296	17137
1337.507	17009
1337.717	17072
1337.928	16833
1338.138	16709
1338.348	16712
1338.558	16816
1338.769	16678
1338.979	16675
1339.189	16552
1339.399	16537
1339.609	16476
1339.819	16434
1340.029	16375
1340.239	16419
1340.449	16346
1340.659	16241
1340.869	16187
1341.079	16217
1341.289	16278
1341.499	16247
1341.708	16196
1341.918	16002
1342.128	16084
1342.338	15990
1342.547	16036
1342.757	15980
1342.967	16005
1343.176	15837
1343.386	15876
1343.595	15719
1343.805	15618
1344.014	15564
1344.223	15619
1344.433	15590
1344.642	15542
1344.851	15491
1345.061	15423
1345.27	15390
1345.479	15331
1345.688	15235
1345.897	15250
1346.107	15127
1346.316	15050
1346.525	15094
1346.734	14833
1346.943	14969
1347.152	14770
1347.361	14705
1347.569	14678
1347.778	14633
1347.987	14532
1348.196	14447
1348.405	14366
1348.613	14302
1348.822	14336
1349.031	14372
1349.239	14242
1349.448	14190
1349.657	14225
1349.865	14165
1350.074	14088
1350.282	14104
1350.491	14018
1350.699	13879
1350.907	13894
1351.116	13747
1351.324	13632
1351.532	13674
1351.741	13654
1351.949	13650
1352.157	13589
1352.365	13529
1352.573	13492
1352.781	13293
1352.989	13275
1353.197	13121
1353.405	13191
1353.613	13061
1353.821	13003
1354.029	12986
1354.237	13108
